{
    "voxel_size": 0.02,
    "estimated_scale_factor": 0.36587947607040405,
    "transformations": [
        [
            [
                0.9876596541226557,
                0.1526601636605474,
                0.03497544923872583,
                0.2368850446871603
            ],
            [
                -0.1405770369849126,
                0.9625730423485642,
                -0.23171369147370408,
                -0.21370468223541889
            ],
            [
                -0.06903987464399332,
                0.22393751935520595,
                0.9721550715468076,
                -0.04561702560073289
            ],
            [
                0.0,
                0.0,
                0.0,
                1.0
            ]
        ],
        [
            [
                0.9912568360361699,
                0.07609724920352594,
                -0.10779189985903317,
                0.0686735498234643
            ],
            [
                -0.10198460675940269,
                0.960214484978727,
                -0.2599755427365582,
                -0.22332012040055688
            ],
            [
                0.08371991994557422,
                0.268695648458799,
                0.9595799203316068,
                0.016957859318715005
            ],
            [
                0.0,
                0.0,
                0.0,
                1.0
            ]
        ],
        [
            [
                0.9890428830547173,
                0.02689624250428377,
                -0.14515773357959216,
                0.025567471655665426
            ],
            [
                -0.060972375865597596,
                0.9699048788110896,
                -0.2357263146951351,
                -0.18773287791979998
            ],
            [
                0.1344490418713252,
                0.24199404578955333,
                0.9609174454355002,
                0.035002356117615575
            ],
            [
                0.0,
                0.0,
                0.0,
                1.0
            ]
        ],
        [
            [
                0.9921502421452633,
                0.10805986480087353,
                0.06293617902535915,
                0.26026967397085515
            ],
            [
                -0.08609651969527672,
                0.9552717501389933,
                -0.2829191981516017,
                -0.2471733256468006
            ],
            [
                -0.09069336418644947,
                0.2752797649766528,
                0.9570766764930291,
                -0.059472548693323954
            ],
            [
                0.0,
                0.0,
                0.0,
                1.0
            ]
        ],
        [
            [
                0.9843632147859475,
                0.1161792451265905,
                0.13240636079165635,
                0.3166969604816949
            ],
            [
                -0.07282413796989962,
                0.95282687129571,
                -0.29464826194255767,
                -0.2497802669654608
            ],
            [
                -0.16039235114311293,
                0.28039853127048403,
                0.946388375539419,
                -0.12826525203702072
            ],
            [
                0.0,
                0.0,
                0.0,
                1.0
            ]
        ],
        [
            [
                0.9935099053120937,
                0.023276333520459713,
                -0.11133858425810822,
                0.07417497257170588
            ],
            [
                -0.0496172317930718,
                0.9694865903715563,
                -0.24007057587077937,
                -0.1863337171211148
            ],
            [
                0.10235330163677248,
                0.24403680744424483,
                0.9643494378369664,
                0.019065953230547848
            ],
            [
                0.0,
                0.0,
                0.0,
                1.0
            ]
        ],
        [
            [
                0.9958522796273264,
                0.0568936397645121,
                0.07100247119223767,
                0.20242092023602987
            ],
            [
                -0.03578150982809852,
                0.962391761368649,
                -0.2692986840000734,
                -0.20430994970252184
            ],
            [
                -0.08365357562878172,
                0.26564113274132733,
                0.9604357697839164,
                -0.1338144494206625
            ],
            [
                0.0,
                0.0,
                0.0,
                1.0
            ]
        ],
        [
            [
                0.9824712275399708,
                0.04904838306294502,
                0.1798458872896872,
                0.28417328153657007
            ],
            [
                0.023937738425073126,
                0.923582444769098,
                -0.38265186840446824,
                -0.29566743543285695
            ],
            [
                -0.1848709596859309,
                0.38024955467856697,
                0.9062190708827274,
                -0.15607339816768612
            ],
            [
                0.0,
                0.0,
                0.0,
                1.0
            ]
        ],
        [
            [
                0.9848342344050753,
                0.04650438164172979,
                -0.16714925435637,
                -0.0031309413803930096
            ],
            [
                -0.09095995460456337,
                0.9587856946171351,
                -0.2691770392434578,
                -0.21700653751231297
            ],
            [
                0.14774240218063966,
                0.2802986519511976,
                0.9484750119598491,
                0.022615602636004352
            ],
            [
                0.0,
                0.0,
                0.0,
                1.0
            ]
        ],
        [
            [
                0.9558998755003977,
                0.1430211378816035,
                0.25651585162982654,
                0.33976853052880157
            ],
            [
                -0.05462500926320473,
                0.9447554301849505,
                -0.32319233514896845,
                -0.24524177896017407
            ],
            [
                -0.28856807928341416,
                0.294927332160144,
                0.9109041290737355,
                -0.11600524678516767
            ],
            [
                0.0,
                0.0,
                0.0,
                1.0
            ]
        ],
        [
            [
                0.943676619186321,
                0.2372231643014199,
                0.23065040368466186,
                0.4192574430678881
            ],
            [
                -0.16061069662679164,
                0.9378944523851844,
                -0.3075031712261712,
                -0.24797452206956425
            ],
            [
                -0.28927260936724103,
                0.25313863099874157,
                0.923169643654919,
                0.054868372569390006
            ],
            [
                0.0,
                0.0,
                0.0,
                1.0
            ]
        ],
        [
            [
                0.9727383336978105,
                -0.010101015937776577,
                -0.23168535480654012,
                -0.03494940450659259
            ],
            [
                -0.05276224702956583,
                0.9632104659369186,
                -0.26351801380166834,
                -0.20191104781996655
            ],
            [
                0.2258235582112695,
                0.26855831356822657,
                0.9364187913376105,
                0.08228794708783371
            ],
            [
                0.0,
                0.0,
                0.0,
                1.0
            ]
        ],
        [
            [
                0.9841952139849669,
                0.030627311275664808,
                0.17441831490158488,
                0.17865904098772775
            ],
            [
                0.010363398922177582,
                0.973281077366867,
                -0.22938296449904466,
                -0.1693704368535495
            ],
            [
                -0.17678342889497492,
                0.22756518240630239,
                0.9575811751619394,
                -0.275519648557604
            ],
            [
                0.0,
                0.0,
                0.0,
                1.0
            ]
        ],
        [
            [
                0.9655274464903456,
                0.2509866668934112,
                0.0690104565668692,
                0.15955369250828116
            ],
            [
                -0.24771535243797072,
                0.9674042068680659,
                -0.05259472122276336,
                -0.06090143881661082
            ],
            [
                -0.07996157977656478,
                0.03368669731071914,
                0.9962285642280754,
                -0.24307833897770592
            ],
            [
                0.0,
                0.0,
                0.0,
                1.0
            ]
        ],
        [
            [
                0.9805458038743552,
                0.11781707944180504,
                0.15700019839540683,
                0.26320089747832165
            ],
            [
                -0.07097388858581302,
                0.9585239275629718,
                -0.27603367082344,
                -0.19871603239917685
            ],
            [
                -0.1830099277181496,
                0.25952074306509315,
                0.9482385513548476,
                -0.012848781409474215
            ],
            [
                0.0,
                0.0,
                0.0,
                1.0
            ]
        ],
        [
            [
                0.9463476109444562,
                0.12118760943046561,
                0.299565956978173,
                0.381589031311909
            ],
            [
                0.0026272238365102505,
                0.9241010769114943,
                -0.38213910732340534,
                -0.28857419119021666
            ],
            [
                -0.32313974833596854,
                0.3624234580867318,
                0.8742024594302068,
                -0.14278899441602852
            ],
            [
                0.0,
                0.0,
                0.0,
                1.0
            ]
        ],
        [
            [
                0.9950549462003042,
                -0.036334303831538,
                -0.09244172438561359,
                -0.0416552323568043
            ],
            [
                0.012437579234305314,
                0.9689446244540069,
                -0.2469648180702539,
                -0.16692010982949787
            ],
            [
                0.0985442066541643,
                0.24459381248666284,
                0.9646050519399846,
                -0.10214090700514405
            ],
            [
                0.0,
                0.0,
                0.0,
                1.0
            ]
        ],
        [
            [
                0.8539130206035742,
                -0.013659645132067104,
                0.5202364532965233,
                0.5226010682393312
            ],
            [
                0.09678227761019001,
                0.9863848976103411,
                -0.13295873234511324,
                -0.14687321200508502
            ],
            [
                -0.5113372116170146,
                0.16388486159832286,
                0.843608918963423,
                -0.47601648783614475
            ],
            [
                0.0,
                0.0,
                0.0,
                1.0
            ]
        ],
        [
            [
                0.9830497889275721,
                0.08098917853070275,
                0.16448059292931227,
                0.3673111997558563
            ],
            [
                -0.03302641205414303,
                0.9606907710156269,
                -0.2756492310749857,
                -0.22355013162374276
            ],
            [
                -0.18033959242575148,
                0.26554471458931905,
                0.9470816416536599,
                -0.021196206323826502
            ],
            [
                0.0,
                0.0,
                0.0,
                1.0
            ]
        ],
        [
            [
                0.9787161466364942,
                -0.0497610979708598,
                -0.1990942928407214,
                -0.11170148540217374
            ],
            [
                0.0117585637236342,
                0.982160721538883,
                -0.18767539328685964,
                -0.12756014381260064
            ],
            [
                0.2048815279427837,
                0.18133987480682437,
                0.9618416758037028,
                -0.0397877742797847
            ],
            [
                0.0,
                0.0,
                0.0,
                1.0
            ]
        ],
        [
            [
                0.9767593714257854,
                -0.0003417095641636118,
                -0.21433854895113735,
                -0.03729904223775898
            ],
            [
                -0.006710332667058656,
                0.9994597901680605,
                -0.03217295871870222,
                -0.06688155048108765
            ],
            [
                0.2142337549673318,
                0.032863521901824067,
                0.9762294234250506,
                -0.006035106298822049
            ],
            [
                0.0,
                0.0,
                0.0,
                1.0
            ]
        ],
        [
            [
                0.9870383473208402,
                0.08313313299284672,
                0.13727411670427972,
                0.3436684734854302
            ],
            [
                -0.04443807160892766,
                0.9635049575061835,
                -0.2639762388032034,
                -0.2053698244139463
            ],
            [
                -0.15420946374923433,
                0.254454473452128,
                0.9547106170093506,
                -0.15058327458316154
            ],
            [
                0.0,
                0.0,
                0.0,
                1.0
            ]
        ],
        [
            [
                0.7443285797117074,
                -0.1644319470478935,
                -0.6472535053704933,
                -0.516843110804679
            ],
            [
                0.04298659549226576,
                0.978999921034779,
                -0.19927696109154577,
                -0.1454702203430684
            ],
            [
                0.6664286293612669,
                0.1205043128022228,
                0.7357659903554431,
                -0.3483992866762792
            ],
            [
                0.0,
                0.0,
                0.0,
                1.0
            ]
        ],
        [
            [
                0.8278178343420541,
                -0.13433388951256467,
                -0.5446760865630667,
                -0.3269894707621298
            ],
            [
                0.08878508105855087,
                0.9900427428737909,
                -0.109236333993638,
                -0.0887548847957626
            ],
            [
                0.5539267483401191,
                0.042068674941922644,
                0.8315018845811315,
                -0.12841434983207783
            ],
            [
                0.0,
                0.0,
                0.0,
                1.0
            ]
        ],
        [
            [
                0.9866352493097353,
                -0.05710451653938132,
                -0.15261048132523944,
                -0.07853715648684698
            ],
            [
                0.017107521248153745,
                0.9677061411744372,
                -0.2514998152087281,
                -0.15945951168986364
            ],
            [
                0.162043875343259,
                0.2455277958278531,
                0.9557499065862655,
                0.2261398845935114
            ],
            [
                0.0,
                0.0,
                0.0,
                1.0
            ]
        ],
        [
            [
                0.6634154347743118,
                -0.30875827878948514,
                -0.6815777917319235,
                -0.8255568388568579
            ],
            [
                0.11247418246776678,
                0.9416939486910647,
                -0.31711522397519476,
                -0.2024914873192152
            ],
            [
                0.7397496327686949,
                0.13371922927382315,
                0.6594616353822234,
                -0.07283515167992219
            ],
            [
                0.0,
                0.0,
                0.0,
                1.0
            ]
        ],
        [
            [
                0.9910026153899351,
                -0.13001548476246222,
                -0.03177719327269466,
                -0.15771797592026396
            ],
            [
                0.11237941941217887,
                0.9372471060214659,
                -0.3300586740974537,
                -0.19886269797457437
            ],
            [
                0.07269582094515371,
                0.3235179067321767,
                0.9434253980261185,
                -0.026200341143285816
            ],
            [
                0.0,
                0.0,
                0.0,
                1.0
            ]
        ],
        [
            [
                0.9903015988085878,
                -0.07951919193115169,
                -0.1139273519036148,
                0.04610979056316089
            ],
            [
                0.060511045787963416,
                0.9850103827079284,
                -0.16153315231006712,
                -0.14942402253536294
            ],
            [
                0.125064610241268,
                0.1530726757857097,
                0.9802691463026886,
                -0.14293308787464168
            ],
            [
                0.0,
                0.0,
                0.0,
                1.0
            ]
        ],
        [
            [
                0.9015554202973661,
                0.05059458313131568,
                0.4296952551404388,
                0.36489823999566706
            ],
            [
                0.06111357586400702,
                0.9682907535031756,
                -0.24223572718607583,
                -0.16533187662222676
            ],
            [
                -0.4283257580131652,
                0.24464914640770977,
                0.8698757613501057,
                -0.29211574661239376
            ],
            [
                0.0,
                0.0,
                0.0,
                1.0
            ]
        ],
        [
            [
                0.999448763358988,
                0.03319873145759433,
                0.00011683233472629275,
                -0.05206157686599488
            ],
            [
                -0.033014738487457854,
                0.99426753659396,
                -0.10169608015053193,
                -0.06071750614231118
            ],
            [
                -0.0034923434528502965,
                0.10163616435592782,
                0.9948155073340093,
                -0.18571803549348734
            ],
            [
                0.0,
                0.0,
                0.0,
                1.0
            ]
        ],
        [
            [
                0.3459588500113428,
                -0.28184635182465706,
                -0.8949162575693671,
                -0.6766995794059708
            ],
            [
                0.04644285614671607,
                0.957789588107168,
                -0.28369378919256805,
                -0.19756168220299597
            ],
            [
                0.9370995332470101,
                0.05658391005076958,
                0.34444553402766276,
                -0.8175914264097585
            ],
            [
                0.0,
                0.0,
                0.0,
                1.0
            ]
        ],
        [
            [
                0.9893561392031547,
                -0.1204777736898502,
                0.081605979362818,
                -0.050690833249629086
            ],
            [
                0.12880592652923262,
                0.9859961507087658,
                -0.10592744723839723,
                -0.045973676747672644
            ],
            [
                -0.0677012785106263,
                0.11531130401757983,
                0.9910195962006974,
                -0.12591649241335104
            ],
            [
                0.0,
                0.0,
                0.0,
                1.0
            ]
        ],
        [
            [
                0.9942499452376962,
                -0.08412461497604767,
                -0.0662577961448432,
                -0.14124860245817578
            ],
            [
                0.0654611736031218,
                0.9671464267338565,
                -0.2456473570108866,
                -0.16612868299582537
            ],
            [
                0.08474598011316989,
                0.23989755815986094,
                0.9670921778422132,
                -0.050105736857482396
            ],
            [
                0.0,
                0.0,
                0.0,
                1.0
            ]
        ],
        [
            [
                0.9765062718817125,
                -0.20937815449656097,
                -0.05095379667201155,
                -0.06701266154750743
            ],
            [
                0.2058568061740693,
                0.9763082941586071,
                -0.06667150897440255,
                -0.04135698625600392
            ],
            [
                0.06370617181631735,
                0.0546159608239787,
                0.9964730907032981,
                -0.12192571896808745
            ],
            [
                0.0,
                0.0,
                0.0,
                1.0
            ]
        ],
        [
            [
                0.8564668387313557,
                -0.16637627113785325,
                -0.4886547764585759,
                -0.3084001915290437
            ],
            [
                0.03690760033702654,
                0.9639488762911773,
                -0.26351545103530233,
                -0.16398329406049067
            ],
            [
                0.5148809407920242,
                0.2076571701127607,
                0.8317307956964686,
                -0.15431075469345595
            ],
            [
                0.0,
                0.0,
                0.0,
                1.0
            ]
        ],
        [
            [
                0.9946673413817,
                0.04839338930948989,
                -0.09107667022790301,
                -0.10467562966093936
            ],
            [
                -0.07476327023560962,
                0.9466364859791802,
                -0.31351206808776716,
                -0.1623490013177822
            ],
            [
                0.07104458749503197,
                0.3186494049643458,
                0.9452064448063865,
                -0.24180626385149182
            ],
            [
                0.0,
                0.0,
                0.0,
                1.0
            ]
        ],
        [
            [
                0.7897884884996573,
                -0.14518228418156004,
                -0.5959498702015571,
                -0.1870745044343404
            ],
            [
                -0.028000931631661695,
                0.9620379900266439,
                -0.27147532774315264,
                -0.1548907861423425
            ],
            [
                0.6127398234660342,
                0.23109524033462497,
                0.7557412908088947,
                -0.3074561056077529
            ],
            [
                0.0,
                0.0,
                0.0,
                1.0
            ]
        ],
        [
            [
                0.9920849570841209,
                -0.12547347105366452,
                -0.004883235519831038,
                -0.11790189727724529
            ],
            [
                0.12088872969204428,
                0.9649069451445581,
                -0.23311049364033495,
                -0.1584824933481869
            ],
            [
                0.03396105064394749,
                0.23067508594025066,
                0.9724379937896392,
                -0.10625219821762202
            ],
            [
                0.0,
                0.0,
                0.0,
                1.0
            ]
        ],
        [
            [
                0.9945638233996292,
                -0.0415923505119517,
                0.09546139305291343,
                0.09422212961646463
            ],
            [
                0.07699973741135796,
                0.9109195128830786,
                -0.40533527047055473,
                -0.30820667194390505
            ],
            [
                -0.0700987990146318,
                0.4104822985559141,
                0.9091701936100632,
                0.004830072046116275
            ],
            [
                0.0,
                0.0,
                0.0,
                1.0
            ]
        ],
        [
            [
                0.9187828460728239,
                -0.3425154666610895,
                -0.19626827777370803,
                -0.22065505255333673
            ],
            [
                0.3032350170196773,
                0.930681559979172,
                -0.20464691145436484,
                -0.20535742526742057
            ],
            [
                0.25275799931040244,
                0.1285106571949219,
                0.9589569358276382,
                -0.15177666415881375
            ],
            [
                0.0,
                0.0,
                0.0,
                1.0
            ]
        ],
        [
            [
                0.9306059838911112,
                -0.2575858963674182,
                -0.2600423210530355,
                -0.17943106021129454
            ],
            [
                0.1477523232670691,
                0.9143646118082815,
                -0.37697030074247695,
                -0.237930947779689
            ],
            [
                0.33487572876402977,
                0.3123889605368334,
                0.888972093836177,
                -0.0204580229469708
            ],
            [
                0.0,
                0.0,
                0.0,
                1.0
            ]
        ],
        [
            [
                0.8692997066405711,
                -0.4912967343269419,
                0.05427281892714996,
                -0.11971663098884086
            ],
            [
                0.493203861153353,
                0.8694125679372848,
                -0.0295252105177739,
                -0.1414367003510267
            ],
            [
                -0.03267983136495089,
                0.05243382069214947,
                0.9980895365995892,
                -0.043307860639117575
            ],
            [
                0.0,
                0.0,
                0.0,
                1.0
            ]
        ],
        [
            [
                0.922445556023403,
                -0.10766080828747737,
                -0.3708144367895655,
                -0.19428683122624751
            ],
            [
                0.016336037771197576,
                0.9703642950249822,
                -0.241093900401079,
                -0.1264020483586599
            ],
            [
                0.38578145373075357,
                0.2163383583638247,
                0.8968669827002397,
                0.14209913202934485
            ],
            [
                0.0,
                0.0,
                0.0,
                1.0
            ]
        ],
        [
            [
                0.9064749475433872,
                -0.11710495968847813,
                -0.4056964356419398,
                -0.30336690698648044
            ],
            [
                -0.036081111216882254,
                0.9357801695337455,
                -0.35073298635963496,
                -0.20058619225036922
            ],
            [
                0.4207152515533153,
                0.33256864362677524,
                0.844036003015676,
                -0.23961293094211328
            ],
            [
                0.0,
                0.0,
                0.0,
                1.0
            ]
        ],
        [
            [
                0.862459571930299,
                -0.17819638780643118,
                -0.4737188344984247,
                -0.3306099982234485
            ],
            [
                0.015787664065822497,
                0.9449866972653295,
                -0.32672754958054645,
                -0.18229501842186996
            ],
            [
                0.505879665977148,
                0.27431038872835944,
                0.8178261271117133,
                -0.09127532830201252
            ],
            [
                0.0,
                0.0,
                0.0,
                1.0
            ]
        ],
        [
            [
                0.9616688277605854,
                -0.036578564011302744,
                -0.2717629010156706,
                -0.24009092031749305
            ],
            [
                -0.057080132188961685,
                0.9426507441818095,
                -0.32886385177269295,
                -0.18092262829033465
            ],
            [
                0.26820686833650026,
                0.3317703771411064,
                0.9044299268759161,
                -0.13405878015059888
            ],
            [
                0.0,
                0.0,
                0.0,
                1.0
            ]
        ],
        [
            [
                0.9537413491121615,
                -0.057587891536765516,
                -0.2950611356008519,
                -0.3051149337571936
            ],
            [
                -0.11250239103847369,
                0.8417954572864892,
                -0.527942818970443,
                -0.3922677695465394
            ],
            [
                0.2787842373670742,
                0.536715979676571,
                0.7963763596161533,
                -0.2717824838808886
            ],
            [
                0.0,
                0.0,
                0.0,
                1.0
            ]
        ],
        [
            [
                0.9607295019236767,
                0.1449228064490818,
                -0.2366351713173823,
                -0.17225901544159541
            ],
            [
                -0.19433589019727834,
                0.960124054415046,
                -0.20098597442320562,
                -0.10430539509784317
            ],
            [
                0.19807166863212974,
                0.23907986177120008,
                0.9505832071842777,
                -0.06499701360421181
            ],
            [
                0.0,
                0.0,
                0.0,
                1.0
            ]
        ],
        [
            [
                0.9523835241474303,
                0.2337532479510973,
                0.1957678267868193,
                0.19902755737878933
            ],
            [
                -0.16402628536117786,
                0.9340321793730793,
                -0.31729996156033563,
                -0.1927903877299909
            ],
            [
                -0.25702334649431097,
                0.2700801861816043,
                0.927898535610966,
                -0.3734319680384135
            ],
            [
                0.0,
                0.0,
                0.0,
                1.0
            ]
        ],
        [
            [
                0.9120564832139347,
                -0.10478142611045821,
                -0.3964515407583732,
                -0.3608636179856007
            ],
            [
                -0.07241584899598265,
                0.9104516097379057,
                -0.40722697742149555,
                -0.26080364147225865
            ],
            [
                0.40361976691140966,
                0.400123379806673,
                0.8227954573832215,
                -0.1831860602337743
            ],
            [
                0.0,
                0.0,
                0.0,
                1.0
            ]
        ],
        [
            [
                0.992905034121452,
                0.03246018841608857,
                0.11439374713799168,
                0.03363778193323773
            ],
            [
                0.014723728095530348,
                0.9210547063337021,
                -0.38915477611293287,
                -0.2940989531141069
            ],
            [
                -0.11799493653224111,
                0.3880780386836264,
                0.9140419196318202,
                0.034941606284666735
            ],
            [
                0.0,
                0.0,
                0.0,
                1.0
            ]
        ],
        [
            [
                0.9516747587508129,
                -0.28563977218087966,
                -0.11280547019111017,
                -0.14605959684096195
            ],
            [
                0.16372231227969097,
                0.7826480488874988,
                -0.6005472804320933,
                -0.4236914011075806
            ],
            [
                0.25982716951537926,
                0.5530569158061824,
                0.7915919970923022,
                -0.06241480324239929
            ],
            [
                0.0,
                0.0,
                0.0,
                1.0
            ]
        ],
        [
            [
                0.9990897773423155,
                -0.03298637424671044,
                -0.027046551058100797,
                -0.039387098949125565
            ],
            [
                0.020119683372300558,
                0.923491720922751,
                -0.38309038062594664,
                -0.2612498188386279
            ],
            [
                0.03761402864731277,
                0.3821975150379583,
                0.9233148132396279,
                0.03871167688856845
            ],
            [
                0.0,
                0.0,
                0.0,
                1.0
            ]
        ],
        [
            [
                0.9821674915068012,
                -0.16775679061617796,
                0.0848803736407796,
                0.006974799069700884
            ],
            [
                0.1839067923593096,
                0.9510412682438365,
                -0.2483924270610188,
                -0.17363564973851378
            ],
            [
                -0.03905522181921816,
                0.25957304424634253,
                0.9649334300092096,
                0.08436784150563142
            ],
            [
                0.0,
                0.0,
                0.0,
                1.0
            ]
        ],
        [
            [
                0.9999982479691037,
                0.0004664713535773845,
                0.0018128605019459621,
                -0.011841666905504937
            ],
            [
                0.00026676746984701313,
                0.9230557329730771,
                -0.3846661444170161,
                -0.2538720523886298
            ],
            [
                -0.001852807016463195,
                0.38466595408225557,
                0.9230539913115305,
                -0.016476712535292263
            ],
            [
                0.0,
                0.0,
                0.0,
                1.0
            ]
        ],
        [
            [
                0.9397340179370949,
                0.15294036532206273,
                0.3057927732745764,
                0.19605936068027097
            ],
            [
                -0.09077451312918594,
                0.9738817159654679,
                -0.2081210971389354,
                -0.12578227868572675
            ],
            [
                -0.32963610739414134,
                0.1678202847194251,
                0.9290728651396132,
                -0.03307171539595432
            ],
            [
                0.0,
                0.0,
                0.0,
                1.0
            ]
        ],
        [
            [
                0.8902122184888406,
                0.1356102126316741,
                0.4348931780140603,
                0.4089013941209972
            ],
            [
                -0.024680768640601553,
                0.9676188740115094,
                -0.2512062386088521,
                -0.11593339722143226
            ],
            [
                -0.45487697865740184,
                0.2128933650602821,
                0.8647331087687244,
                0.16340740647076124
            ],
            [
                0.0,
                0.0,
                0.0,
                1.0
            ]
        ],
        [
            [
                0.9976767854092001,
                -0.004583915880761396,
                0.06797072583666662,
                0.03574466017221656
            ],
            [
                0.02040008373708006,
                0.9720518089811546,
                -0.23387842405828016,
                -0.1169320321198528
            ],
            [
                -0.06499898798508587,
                0.23472168278977282,
                0.9698870363033276,
                0.06731117211331418
            ],
            [
                0.0,
                0.0,
                0.0,
                1.0
            ]
        ],
        [
            [
                0.9988378090178257,
                -0.04807830589587685,
                -0.003392311697358148,
                -0.010631865897763453
            ],
            [
                0.045416492740760185,
                0.9624274141353711,
                -0.26771405399760195,
                -0.14423459346554005
            ],
            [
                0.01613609195555159,
                0.26724885223866746,
                0.9634924377043739,
                0.12907650053988032
            ],
            [
                0.0,
                0.0,
                0.0,
                1.0
            ]
        ],
        [
            [
                0.9915519933229555,
                -0.029644170703049987,
                -0.1262769483342211,
                -0.11918805028566916
            ],
            [
                -0.04036304408637578,
                0.8546823423673182,
                -0.5175798666076536,
                -0.3851827021769992
            ],
            [
                0.12326990390746799,
                0.5183042704713537,
                0.8462654512632554,
                -0.04657910295098948
            ],
            [
                0.0,
                0.0,
                0.0,
                1.0
            ]
        ]
    ],
    "infos": [
        [
            [
                2504.276060739332,
                -4.698048920496571,
                -200.5878088786788,
                0.0,
                2541.2868377741115,
                -400.32216787231164
            ],
            [
                -4.698048920496571,
