{
    "voxel_size": 0.02,
    "estimated_scale_factor": 0.4890022397041321,
    "transformations": [
        [
            [
                0.8849825891461607,
                -0.13306965264033674,
                0.44620430797375654,
                0.4684434097842521
            ],
            [
                0.18626343171224002,
                0.9794519640541354,
                -0.07732906385878513,
                -0.03459421056793715
            ],
            [
                -0.4267455341476216,
                0.15154642079797367,
                0.8915839452504657,
                -0.12978786012911506
            ],
            [
                0.0,
                0.0,
                0.0,
                1.0
            ]
        ],
        [
            [
                0.8931435740116408,
                0.12042648627730242,
                0.43334976359127647,
                0.4252986320643925
            ],
            [
                -0.0005438571505681399,
                0.9637768055331134,
                -0.2667095298930778,
                -0.22045309956875897
            ],
            [
                -0.44977134237422534,
                0.23797422238404187,
                0.8608565554490468,
                -0.12560821282293744
            ],
            [
                0.0,
                0.0,
                0.0,
                1.0
            ]
        ],
        [
            [
                0.9494348152585924,
                -0.17529612798870164,
                0.2604703420488638,
                0.22168172417422735
            ],
            [
                0.23094201018003385,
                0.9519495890580069,
                -0.2011411639279665,
                -0.11187411606111537
            ],
            [
                -0.21269536785950105,
                0.25112396819989286,
                0.9442973223972687,
                0.09037629583731266
            ],
            [
                0.0,
                0.0,
                0.0,
                1.0
            ]
        ],
        [
            [
                0.9692058431772378,
                0.09211196008431492,
                0.22837561244696256,
                0.23151645192678164
            ],
            [
                -0.029035074347336175,
                0.9636831372255196,
                -0.26546520578943233,
                -0.22882675259204108
            ],
            [
                -0.24453424710813898,
                0.2506595257248496,
                0.936681805179672,
                0.03115156227355852
            ],
            [
                0.0,
                0.0,
                0.0,
                1.0
            ]
        ],
        [
            [
                0.9930065266074855,
                0.03564712580140167,
                0.1125491916320819,
                0.05385099076646622
            ],
            [
                -0.004168508889465878,
                0.963318402383436,
                -0.268328677489126,
                -0.2158919982691978
            ],
            [
                -0.11798585359514308,
                0.26598296571683683,
                0.9567300561286359,
                0.12059839101188306
            ],
            [
                0.0,
                0.0,
                0.0,
                1.0
            ]
        ],
        [
            [
                0.981866085494175,
                -0.05055840501416525,
                0.18270970920771762,
                0.18066654973364388
            ],
            [
                0.08964705623849994,
                0.9730398655344424,
                -0.21250135385094554,
                -0.14356308764678696
            ],
            [
                -0.16704010136525987,
                0.22502726004450468,
                0.959927255979715,
                0.09213913865449729
            ],
            [
                0.0,
                0.0,
                0.0,
                1.0
            ]
        ],
        [
            [
                0.8588926477927753,
                0.1321479360396702,
                0.49481344218601203,
                0.4963011645511242
            ],
            [
                0.029445008107347855,
                0.9517996320808321,
                -0.30530386808612453,
                -0.2544361244345258
            ],
            [
                -0.5113085282538057,
                0.2767930334586595,
                0.813602609118039,
                -0.1172763910419428
            ],
            [
                0.0,
                0.0,
                0.0,
                1.0
            ]
        ],
        [
            [
                0.8469090306297777,
                -0.18261576507120234,
                0.49939621162478737,
                0.4966213194615758
            ],
            [
                0.22730977916752004,
                0.9733740545538976,
                -0.02955019824159663,
                0.028572062134030914
            ],
            [
                -0.4807029832781807,
                0.13854397232923502,
                0.865869626213261,
                -0.10455512597401156
            ],
            [
                0.0,
                0.0,
                0.0,
                1.0
            ]
        ],
        [
            [
                0.9041464887253885,
                -0.04053226226929092,
                0.42529550037695496,
                0.4613839840136164
            ],
            [
                0.1701881709326429,
                0.9472632505868469,
                -0.27152959426597173,
                -0.2072497474155889
            ],
            [
                -0.39186108941837183,
                0.3178827925556447,
                0.863362853496067,
                -0.06103626208273521
            ],
            [
                0.0,
                0.0,
                0.0,
                1.0
            ]
        ],
        [
            [
                0.9988129591467965,
                0.04759113493179128,
                -0.01038058362153806,
                0.008871917176990433
            ],
            [
                -0.04870961733460919,
                0.9749226176512773,
                -0.21714802041717804,
                -0.17392165102032894
            ],
            [
                -0.00021405498278750045,
                0.21739589110166585,
                0.9760834906464598,
                0.005939267624673316
            ],
            [
                0.0,
                0.0,
                0.0,
                1.0
            ]
        ],
        [
            [
                0.9771048176058419,
                0.0033589133800334373,
                -0.21273197482362421,
                -0.19859108459581917
            ],
            [
                -0.04539076558860187,
                0.9801464078950929,
                -0.1930095787509708,
                -0.14520782815482555
            ],
            [
                0.20786017851126334,
                0.19824665644406733,
                0.9578582407632219,
                0.13548377683406754
            ],
            [
                0.0,
                0.0,
                0.0,
                1.0
            ]
        ],
        [
            [
                0.9898844314659984,
                -0.026349622034034674,
                -0.13940771054680373,
                -0.13615498093764736
            ],
            [
                -0.00447956443640604,
                0.9763076125685284,
                -0.21634088643434843,
                -0.1620500035536734
            ],
            [
                0.14180530964564747,
                0.2147769611932413,
                0.9663136711735477,
                0.0551006299978202
            ],
            [
                0.0,
                0.0,
                0.0,
                1.0
            ]
        ],
        [
            [
                0.8931353120086196,
                -0.16854055280341806,
                0.41701726163791314,
                0.4585093213546037
            ],
            [
                0.2725852054228781,
                0.9403057383954131,
                -0.2037705182925716,
                -0.11009042556467086
            ],
            [
                -0.35778012833000217,
                0.29566738136185067,
                0.8857619202532876,
                -0.10036189674980615
            ],
            [
                0.0,
                0.0,
                0.0,
                1.0
            ]
        ],
        [
            [
                0.9904480674302226,
                0.02186025309498893,
                0.13614240727399624,
                0.07066922183745783
            ],
            [
                0.012851015188288139,
                0.9684206314335716,
                -0.24899062637463748,
                -0.18498861176850154
            ],
            [
                -0.13728611412799918,
                0.248361852844649,
                0.958889416418393,
                0.12701507916972057
            ],
            [
                0.0,
                0.0,
                0.0,
                1.0
            ]
        ],
        [
            [
                0.7639908877458016,
                -0.35916624063933006,
                0.5360200882675884,
                0.5172831629956258
            ],
            [
                0.5200774881696116,
                0.8344776010940388,
                -0.18211682945715155,
                -0.06152933335069531
            ],
            [
                -0.38188654040247316,
                0.4179075793250808,
                0.8243275595308464,
                -0.09003601077666452
            ],
            [
                0.0,
                0.0,
                0.0,
                1.0
            ]
        ],
        [
            [
                0.9788100885141799,
                0.2027354356384541,
                0.02879503011544499,
                0.07561666732240904
            ],
            [
                -0.20375464722535966,
                0.9502909962589484,
                0.2354380304097973,
                0.1924296536228957
            ],
            [
                0.020367973805277228,
                -0.2363162405880337,
                0.9714627013310423,
                -0.10292544224936084
            ],
            [
                0.0,
                0.0,
                0.0,
                1.0
            ]
        ],
        [
            [
                0.9991046796726728,
                0.04047126985001123,
                0.012325395445794349,
                -0.045548781600091306
            ],
            [
                -0.037880015780125974,
                0.9855017477491325,
                -0.1653826157366724,
                -0.10926182073311587
            ],
            [
                -0.01883994322350895,
                0.16476765914503375,
                0.9861524603423151,
                0.08220792983437242
            ],
            [
                0.0,
                0.0,
                0.0,
                1.0
            ]
        ],
        [
            [
                0.9813903146977101,
                0.06187545942936205,
                0.18178140096812911,
                0.1309424135864969
            ],
            [
                -0.02717160625316859,
                0.9818839318251611,
                -0.18752506029111013,
                -0.12672151940244902
            ],
            [
                -0.19009143597530406,
                0.17909598528154408,
                0.9652926364708686,
                0.06130216873840465
            ],
            [
                0.0,
                0.0,
                0.0,
                1.0
            ]
        ],
        [
            [
                0.9946643654044791,
                0.09791023824708946,
                -0.0325020836393917,
                -0.004314020894280349
            ],
            [
                -0.10116341838212926,
                0.9874477171571847,
                -0.12129702660127092,
                -0.08201089595419087
            ],
            [
                0.020217887519375168,
                0.12393785187530622,
                0.9920839913519363,
                -0.020023303775669042
            ],
            [
                0.0,
                0.0,
                0.0,
                1.0
            ]
        ],
        [
            [
                0.9979458599811455,
                0.0610551679785517,
                0.019399149713386927,
                -0.010437442495253586
            ],
            [
                -0.057241299676102204,
                0.9857890592461119,
                -0.15793468359437313,
                -0.10574261569216496
            ],
            [
                -0.02876619818262804,
                0.1564998310982311,
                0.9872589876564014,
                0.028036397106364016
            ],
            [
                0.0,
                0.0,
                0.0,
                1.0
            ]
        ],
        [
            [
                0.99154247949255,
                -0.017607276940802042,
                0.12858263942109865,
                0.12556699544657862
            ],
            [
                0.04589481442054678,
                0.9743079060364657,
                -0.2204943768991438,
                -0.17797608750764002
            ],
            [
                -0.12139677660905962,
                0.22453081755867738,
                0.9668757596482407,
                -0.06971189326062886
            ],
            [
                0.0,
                0.0,
                0.0,
                1.0
            ]
        ],
        [
            [
                0.9957184174866758,
                0.09182710792453784,
                -0.010612036941317913,
                0.028124804676283803
            ],
            [
                -0.09241884817098064,
                0.9865744380788333,
                -0.13464633166998696,
                -0.08900973175539945
            ],
            [
                -0.001894618847650449,
                0.1350505845216901,
                0.9908368937619207,
                0.0032375680848926586
            ],
            [
                0.0,
                0.0,
                0.0,
                1.0
            ]
        ],
        [
            [
                0.9891835796327504,
                -0.06404207794202081,
                0.13196385125407148,
                0.07587066656246272
            ],
            [
                0.09233121723304177,
                0.9709118246974078,
                -0.220918933065988,
                -0.1736255667913669
            ],
            [
                -0.11397715608490794,
                0.23071376403591048,
                0.9663231172724676,
                -0.03770393139161169
            ],
            [
                0.0,
                0.0,
                0.0,
                1.0
            ]
        ],
        [
            [
                0.994120417526532,
                -0.0977497238442458,
                0.046578825073707385,
                0.015981836225226063
            ],
            [
                0.10543111659294109,
                0.9718560699971729,
                -0.21066575152030304,
                -0.15970283238710084
            ],
            [
                -0.024675394846668877,
                0.21433798239701243,
                0.9764478246128351,
                -0.08289601929682718
            ],
            [
                0.0,
                0.0,
                0.0,
                1.0
            ]
        ],
        [
            [
                0.9981777897230173,
                0.03361016292814977,
                -0.05011443955204165,
                -0.033260380248158854
            ],
            [
                -0.03996830791203721,
                0.9904686995363072,
                -0.13181156854201084,
                -0.0856585974053418
            ],
            [
                0.04520657547658961,
                0.1335743694980436,
                0.9900071986338684,
                0.0034025246914057405
            ],
            [
                0.0,
                0.0,
                0.0,
                1.0
            ]
        ],
        [
            [
                0.9965337689915724,
                -0.006534655656843004,
                0.08293217430466426,
                0.07018646871303472
            ],
            [
                0.022222888625651145,
                0.9815923026227805,
                -0.18969105053438595,
                -0.13838843235554033
            ],
            [
                -0.08016601824080209,
                0.19087653000605787,
                0.9783350958706639,
                0.06178443258998084
            ],
            [
                0.0,
                0.0,
                0.0,
                1.0
            ]
        ],
        [
            [
                0.930028713049378,
                0.050816053335552315,
                0.3639564831502772,
                0.27725741736693854
            ],
            [
                0.032022736255091014,
                0.9754192674729231,
                -0.2180178823062982,
                -0.16390374684297965
            ],
            [
                -0.36608897452184586,
                0.21441777297132894,
                0.9055406569379197,
                -0.24833721735174707
            ],
            [
                0.0,
                0.0,
                0.0,
                1.0
            ]
        ],
        [
            [
                0.9988877340298304,
                -0.03871366672721471,
                -0.026917407254134725,
                -0.04559099649179231
            ],
            [
                0.03233348668055211,
                0.9778965673187789,
                -0.2065740769439071,
                -0.15018913403733075
            ],
            [
                0.034319680124228376,
                0.20547397799887668,
                0.9780606340720844,
                -0.06264577933575123
            ],
            [
                0.0,
                0.0,
                0.0,
                1.0
            ]
        ],
        [
            [
                0.878802452989717,
                0.10951230413245934,
                0.4644494631957886,
                0.36971683120342913
            ],
            [
                -0.016740138287268544,
                0.9797856590053688,
                -0.19934851435999845,
                -0.16090798655558783
            ],
            [
                -0.4768920385049221,
                0.1674130151780773,
                0.8628712916533985,
                -0.2075642894236836
            ],
            [
                0.0,
                0.0,
                0.0,
                1.0
            ]
        ],
        [
            [
                0.9430500189049451,
                0.04102537357635598,
                0.3301114668809652,
                0.19518880661183263
            ],
            [
                0.026289157027060656,
                0.9800705648013225,
                -0.19690243328314105,
                -0.13871362686018673
            ],
            [
                -0.3316105276769552,
                0.19436719561936294,
                0.9231770421760264,
                -0.13450100456237873
            ],
            [
                0.0,
                0.0,
                0.0,
                1.0
            ]
        ],
        [
            [
                0.9973466536373049,
                -0.06489057835002775,
                0.03299795932886993,
                -0.038434761945216715
            ],
            [
                0.06998821927028735,
                0.9794147400327292,
                -0.18933677976028632,
                -0.1361188796291632
            ],
            [
                -0.020032514616118963,
                0.1911438721173657,
                0.9813575895208305,
                -0.013291155304754793
            ],
            [
                0.0,
                0.0,
                0.0,
                1.0
            ]
        ],
        [
            [
                0.8703314642532787,
                0.0818355002516187,
                0.4856192883620984,
                0.403827815262584
            ],
            [
                0.03815540810036024,
                0.9719267020729833,
                -0.2321694437910143,
                -0.1811505943576357
            ],
            [
                -0.4909860559765807,
                0.22059337409836519,
                0.8427759228528429,
                -0.22697735463445634
            ],
            [
                0.0,
                0.0,
                0.0,
                1.0
            ]
        ],
        [
            [
                0.9993840840195796,
                0.032359748315211226,
                -0.013575687729305634,
                0.061510473837791006
            ],
            [
                -0.03420596391710372,
                0.9846868814418175,
                -0.17094355076717985,
                -0.11331455664335326
            ],
            [
                0.007836111334663389,
                0.17130263338713086,
                0.9851872934390625,
                -0.0799114499171625
            ],
            [
                0.0,
                0.0,
                0.0,
                1.0
            ]
        ],
        [
            [
                0.9747231132776617,
                0.0036912432619058497,
                0.22338582579358818,
                0.16046989666381212
            ],
            [
                0.03947133693448186,
                0.9812903368966481,
                -0.188444390401699,
                -0.13666560708607026
            ],
            [
                -0.21990194633724053,
                0.1924984400883412,
                0.9563406739026877,
                -0.14024304786613837
            ],
            [
                0.0,
                0.0,
                0.0,
                1.0
            ]
        ],
        [
            [
                0.9996763691543068,
                -0.02393934154143018,
                0.008606095573725875,
                0.04132538580544069
            ],
            [
                0.025164502460214497,
                0.9801610089579156,
                -0.19659894286219431,
                -0.13809069262046889
            ],
            [
                -0.003728910080869179,
                0.19675188549329153,
                0.9804462202407863,
                -0.039070712558480616
            ],
            [
                0.0,
                0.0,
                0.0,
                1.0
            ]
        ],
        [
            [
                0.9981758169481257,
                -0.05479308897120661,
                -0.025352630256754674,
                -0.049577612935625986
            ],
            [
                0.048711960639777174,
                0.978996362046253,
                -0.1979728971117792,
                -0.1436020608358794
            ],
            [
                0.03566767935499974,
                0.19637678198095534,
                0.9798795722680582,
                -0.16555368855616134
            ],
            [
                0.0,
                0.0,
                0.0,
                1.0
            ]
        ],
        [
            [
                0.9697320529892736,
                -0.05934619175095998,
                0.23684968847323204,
                0.1847000081128366
            ],
            [
                0.09900482546654478,
                0.9822640052213012,
                -0.15923400573039073,
                -0.1494095572461148
            ],
            [
                -0.22319899179778507,
                0.17786358135173552,
                0.9584084497171272,
                -0.13888159025230362
            ],
            [
                0.0,
                0.0,
                0.0,
                1.0
            ]
        ],
        [
            [
                0.9998805163677648,
                -0.0044723453491593785,
                -0.01479699683080424,
                0.019527190015498554
            ],
            [
                0.0017692430700704696,
                0.9840518395624333,
                -0.17787312003996386,
                -0.1305368660224683
            ],
            [
                0.015356521972503588,
                0.17782568762940365,
                0.983942174140349,
                -0.02972088004963523
            ],
            [
                0.0,
                0.0,
                0.0,
                1.0
            ]
        ],
        [
            [
                0.9822767680509922,
                -0.06831218869802314,
                -0.17454453822043212,
                -0.1654026176121781
            ],
            [
                0.03290233820329779,
                0.9796034922320737,
                -0.19822823751292662,
                -0.1381106750280066
            ],
            [
                0.18452584395702937,
                0.1889720690525746,
                0.9644893830571358,
                0.04827815040506837
            ],
            [
                0.0,
                0.0,
                0.0,
                1.0
            ]
        ],
        [
            [
                0.9986433741867814,
                -0.0381265529754657,
                -0.035465154039549286,
                0.004975491633730921
            ],
            [
                0.03107264248808059,
                0.9828687455531275,
                -0.18166870920339553,
                -0.13055084480359422
            ],
            [
                0.04178399312712803,
                0.1803202566907807,
                0.982720053191815,
                0.03650309344251755
            ],
            [
                0.0,
                0.0,
                0.0,
                1.0
            ]
        ],
        [
            [
                0.9915136568490843,
                -0.06590160265262891,
                -0.1120609077670402,
                -0.14993080537470377
            ],
            [
                0.04334594685285481,
                0.9802509453352379,
                -0.19294873169005544,
                -0.13889728049738256
            ],
            [
                0.12256344142193287,
                0.18645391639004677,
                0.9747887668052121,
                -0.011504351932001625
            ],
            [
                0.0,
                0.0,
                0.0,
                1.0
            ]
        ],
        [
            [
                0.9945614527130104,
                -0.04973035404757946,
                -0.09151179521618104,
                -0.05976075354433068
            ],
            [
                0.031307697475412156,
                0.9807548509189379,
                -0.1927167623165155,
                -0.12851243876951896
            ],
            [
                0.09933450989547349,
                0.18880363949160153,
                0.9769779121651376,
                0.04933279728084245
            ],
            [
                0.0,
                0.0,
                0.0,
                1.0
            ]
        ],
        [
            [
                0.9969571920892832,
                -0.05756388785523015,
                -0.05256192496896222,
                -0.05935901761871568
            ],
            [
                0.05239574045702057,
                0.994106603648843,
                -0.09490388276420864,
                -0.08500104991568631
            ],
            [
                0.05771519317660512,
                0.0918610875003808,
                0.9940978307389234,
                0.01598614820990569
            ],
            [
                0.0,
                0.0,
                0.0,
                1.0
            ]
        ],
        [
            [
                0.9966466648063856,
                0.007380174692322304,
                -0.0814920766198617,
                -0.0642489329580342
            ],
            [
                -0.023077853212769527,
                0.9808459150918373,
                -0.1934132972128495,
                -0.1273508349178811
            ],
            [
                0.07850374654369355,
                0.19464537977862975,
                0.9777271285534815,
                -0.03511203857507303
            ],
            [
                0.0,
                0.0,
                0.0,
                1.0
            ]
        ],
        [
            [
                0.9946394093461935,
                -0.06609775024452973,
                -0.07952064378554526,
                -0.11819144060835247
            ],
            [
                0.05039775995285953,
                0.9813789096634213,
                -0.18535237106540678,
                -0.13194048998472627
            ],
            [
                0.09029125742390437,
                0.1803511105606118,
                0.9794493176026846,
                0.004612460760696849
            ],
            [
                0.0,
                0.0,
                0.0,
                1.0
            ]
        ],
        [
            [
                0.9975533458682158,
                -0.060612877376041215,
                0.03483390938903871,
                -0.03481344503568601
            ],
            [
                0.06564085657764072,
                0.9835335579415093,
                -0.16838354536791084,
                -0.12179709611441163
            ],
            [
                -0.024054107650885167,
                0.17025809672115647,
                0.9851058726888239,
                -0.04431068112567887
            ],
            [
                0.0,
                0.0,
                0.0,
                1.0
            ]
        ],
        [
            [
                0.9980769647653043,
                -0.05403263936045209,
                0.03037838522076472,
                -0.041524837071185795
            ],
            [
                0.05840721459294798,
                0.9838912404165255,
                -0.16895746303470563,
                -0.12377188847994126
            ],
            [
                -0.0207598094492981,
                0.17040686874470137,
                0.9851550788562454,
                -0.07756320361554417
            ],
            [
                0.0,
                0.0,
                0.0,
                1.0
            ]
        ],
        [
            [
                0.9989187157548255,
                0.046099168406066156,
                -0.006022124791059613,
                0.054073103236152276
            ],
            [
                -0.04639944961175894,
                0.9804369574341849,
                -0.19128633922191993,
                -0.11848827406955423
            ],
            [
                -0.0029138274581356188,
                0.19135892759280088,
                0.9815158024403263,
                -0.06275730663354252
            ],
            [
                0.0,
                0.0,
                0.0,
                1.0
            ]
        ],
        [
            [
                0.9906466388484317,
                0.01269303680187455,
                0.13586067773661206,
                0.105397859606623
            ],
            [
                0.0105069723319833,
                0.9856121819955388,
                -0.1686956734312068,
                -0.12285991104975158
            ],
            [
                -0.13604719942255422,
                0.16854528625488074,
                0.9762600299154626,
                -0.11257142661120205
            ],
            [
                0.0,
                0.0,
                0.0,
                1.0
            ]
        ],
        [
            [
                0.9953935984607611,
                0.09585341962056208,
                0.0019251208744670949,
                0.011635279059386617
            ],
            [
                -0.09284177272737401,
                0.9687394178213463,
                -0.2300529191207937,
                -0.14045076867467118
            ],
            [
                -0.02391629946658775,
                0.22881447136534963,
                0.973176216475526,
                -0.18851113338761727
            ],
            [
                0.0,
                0.0,
                0.0,
                1.0
            ]
        ],
        [
            [
                0.9960718265112032,
                -0.051510077372470243,
                0.07202519253509855,
                0.059366893466645664
            ],
            [
                0.06372892552613967,
                0.9817410313187752,
                -0.17922938229104865,
                -0.13689920913903525
            ],
            [
                -0.0614779674511091,
                0.18311542631419453,
                0.9811672641114006,
                -0.2461159515452601
            ],
            [
                0.0,
                0.0,
                0.0,
                1.0
            ]
        ],
        [
            [
                0.9879699373894897,
                -0.09497652987694216,
                -0.12204450658322757,
                -0.13127390923758064
            ],
            [
                0.07121336068887862,
                0.9799428718999278,
                -0.1861199212118826,
                -0.1341567198859978
            ],
            [
                0.13727366853845208,
                0.17518968743923258,
                0.9749176956753517,
                -0.035875761227588156
            ],
            [
                0.0,
                0.0,
                0.0,
                1.0
            ]
        ],
        [
            [
                0.994846851884048,
                -0.09581464154839346,
                -0.033155629406668885,
                -0.04889730027403494
            ],
            [
                0.08857247278104478,
                0.980450834609214,
                -0.17570167324060332,
                -0.1261114180728461
            ],
            [
                0.049342257364763616,
                0.17185958041101326,
                0.983884965968634,
                -0.12086092817770729
            ],
            [
                0.0,
                0.0,
                0.0,
                1.0
            ]
        ],
        [
            [
                0.9888194578808415,
                -0.13328924506322862,
                -0.06685848387985613,
                -0.07970134084516227
            ],
            [
                0.12150750332942943,
                0.9801127842193947,
                -0.15689122615479403,
                -0.11851794853092186
            ],
            [
                0.08644076787538998,
                0.14701328974001185,
                0.9853502353422015,
                -0.082656081205695
            ],
            [
                0.0,
                0.0,
                0.0,
                1.0
            ]
        ],
        [
            [
                0.9897155782160527,
                -0.09802396090042143,
                -0.1041843429976783,
                -0.09535793170688131
            ],
            [
                0.07845842554886935,
                0.9809643724737271,
                -0.1776321350364809,
                -0.1233181738063074
            ],
            [
                0.11961333410977956,
                0.1676311517189413,
                0.9785665267504933,
                -0.10326752389633408
            ],
            [
                0.0,
                0.0,
                0.0,
                1.0
            ]
        ],
        [
            [
                0.9971930597216209,
                0.027565054801817077,
                0.06961443382521484,
                0.030426292846512742
            ],
            [
                -0.015646983128282065,
                0.9859559337827182,
                -0.16627106951490853,
                -0.12354655423776681
            ],
            [
                -0.07322003525003017,
                0.16471510068120962,
                0.9836197243068908,
                -0.2553465712676567
            ],
            [
                0.0,
                0.0,
                0.0,
                1.0
            ]
        ],
        [
            [
                0.9944005972444804,
                -0.061795436125787716,
                0.0857250037844561,
                -0.0006135367406737667
            ],
            [
                0.07391487271274218,
                0.9864754267283237,
                -0.14629704047940012,
                -0.11418864946694067
            ],
            [
                -0.07552512026922195,
                0.15181421717084273,
                0.9855193553011133,
                -0.11593433285940088
            ],
            [
                0.0,
                0.0,
                0.0,
                1.0
            ]
        ],
        [
            [
                0.9957263774809619,
                -0.004283779446188723,
                0.09225307811828676,
                0.005617770825132893
            ],
            [
                0.01856869292212676,
                0.9878103522251133,
                -0.15455067673763645,
                -0.11890797862382539
            ],
            [
                -0.0904664845774726,
                0.15560320456389723,
                0.9836683678443863,
                -0.15846722483040707
            ],
            [
                0.0,
                0.0,
                0.0,
                1.0
            ]
        ],
        [
            [
                0.9955350854611116,
                -0.06258277939768186,
                -0.07066321064598317,
                -0.07773800199818255
            ],
            [
                0.04635370960835502,
                0.9762622581950228,
                -0.21157347855886613,
                -0.1451422736991882
            ],
            [
                0.08222668193160786,
                0.20735331911212726,
                0.9748042746273236,
                0.13512897557355263
            ],
            [
                0.0,
                0.0,
                0.0,
                1.0
            ]
        ],
        [
            [
                0.9948086780263109,
                -0.10143222322351152,
                0.008197451767525331,
                -0.009239909684514696
            ],
            [
                0.1015919039922587,
                0.9852409740285046,
                -0.13776540980446406,
                -0.10712327823055166
            ],
            [
                0.0058973864357766016,
                0.13788301993827917,
                0.9904309635940942,
                0.01610378994583525
            ],
            [
                0.0,
                0.0,
                0.0,
                1.0
            ]
        ]
    ],
    "infos": [
        [
            [
                2165.643183504555,
                -45.47651580060795,
                -462.82070785633084,
                0.0,
                2080.603523429843,
