{
    "voxel_size": 0.01,
    "estimated_scale_factor": 0.3663269877433777,
    "transformations": [
        [
            [
                0.9973330921916321,
                -0.024966121430894214,
                -0.06858130940843672,
                -0.05820506960981787
            ],
            [
                0.006144688178678067,
                0.9650594444640231,
                -0.261958988122144,
                -0.1751304579232021
            ],
            [
                0.07272514026569285,
                0.26083895689004866,
                0.9626391289272662,
                0.023931347868356503
            ],
            [
                0.0,
                0.0,
                0.0,
                1.0
            ]
        ],
        [
            [
                0.9981964055445228,
                -0.05935407848999062,
                0.009001628996901772,
                0.07674408070563901
            ],
            [
                0.059269368046849145,
                0.9981977441744807,
                0.009402421831941826,
                0.06103503515145005
            ],
            [
                -0.00954347784201201,
                -0.008851942814019183,
                0.9999152789807241,
                0.045042534711656465
            ],
            [
                0.0,
                0.0,
                0.0,
                1.0
            ]
        ],
        [
            [
                0.992897891452718,
                -0.05531987382405492,
                -0.10532563177515969,
                -0.10417165762597971
            ],
            [
                0.025020157351760594,
                0.9626118868470497,
                -0.2697264299746266,
                -0.18228566115243844
            ],
            [
                0.11630893720965312,
                0.26517553971068797,
                0.9571594246855153,
                0.02851090152288108
            ],
            [
                0.0,
                0.0,
                0.0,
                1.0
            ]
        ],
        [
            [
                0.9949951062164981,
                -0.06799324928279815,
                -0.07322333410317741,
                -0.07134216229740215
            ],
            [
                0.041428560813294144,
                0.9475482655160614,
                -0.3169163278634324,
                -0.2287903261730449
            ],
            [
                0.09093081410697616,
                0.31229665795437295,
                0.9456227495552191,
                0.029142186364536676
            ],
            [
                0.0,
                0.0,
                0.0,
                1.0
            ]
        ],
        [
            [
                0.9971975254118919,
                0.06057356090342671,
                -0.043908302539253416,
                -0.007330867480525134
            ],
            [
                -0.05302078689241705,
                0.9862625171005457,
                0.1564450175614577,
                0.14123047870085267
            ],
            [
                0.052781544783272925,
                -0.15367853162356412,
                0.9867101993231425,
                -0.040479650917773134
            ],
            [
                0.0,
                0.0,
                0.0,
                1.0
            ]
        ],
        [
            [
                0.9984102985578494,
                -0.03350926899408702,
                -0.0453211278004921,
                -0.04596586038382018
            ],
            [
                0.019933229190000866,
                0.9620388028445165,
                -0.27218377651055775,
                -0.18754026888897915
            ],
            [
                0.052721362915667466,
                0.2708476891409129,
                0.9611773963110772,
                -0.026135085878877595
            ],
            [
                0.0,
                0.0,
                0.0,
                1.0
            ]
        ],
        [
            [
                0.9802760891174257,
                0.19664975493969544,
                -0.019689159118761467,
                -0.042616695867762164
            ],
            [
                -0.17829308653079198,
                0.9229310777376775,
                0.3411888055626845,
                0.2791742931294011
            ],
            [
                0.0852664318472964,
                -0.3309487870171536,
                0.9397885591833436,
                -0.0692428937494958
            ],
            [
                0.0,
                0.0,
                0.0,
                1.0
            ]
        ],
        [
            [
                0.9983913023706362,
                -0.030801262239304003,
                0.0476034620078076,
                0.04731913579895663
            ],
            [
                0.02435212125233593,
                0.9911404025423449,
                0.13056675165872011,
                0.08306191959808189
            ],
            [
                -0.05120333525440202,
                -0.1291974639560081,
                0.9902960333991855,
                -0.10867742522267122
            ],
            [
                0.0,
                0.0,
                0.0,
                1.0
            ]
        ],
        [
            [
                0.9948396336582543,
                0.029659849422946465,
                -0.0970278137181183,
                -0.07587300573277402
            ],
            [
                -0.045606518935675924,
                0.9849834355971615,
                -0.1665162965891994,
                -0.0957221598825681
            ],
            [
                0.0906319410212513,
                0.1700821123205511,
                0.9812532427132663,
                -0.06913158757865458
            ],
            [
                0.0,
                0.0,
                0.0,
                1.0
            ]
        ],
        [
            [
                0.9966417936581037,
                0.00010294402980392934,
                -0.08188482482417939,
                -0.09743465942218436
            ],
            [
                -0.024453205886293596,
                0.9547426819912653,
                -0.29642613229269793,
                -0.2095962171183824
            ],
            [
                0.07814842196642444,
                0.29743301865571753,
                0.951538976373278,
                0.022892505013393998
            ],
            [
                0.0,
                0.0,
                0.0,
                1.0
            ]
        ],
        [
            [
                0.9794060140345807,
                0.12914151952397465,
                -0.1551977049055012,
                -0.10526081881894754
            ],
            [
                -0.16644726038036023,
                0.9515307061453836,
                -0.25862061939130326,
                -0.19847545615731618
            ],
            [
                0.11427672197244987,
                0.279126822784031,
                0.9534301482634803,
                0.05869626231868615
            ],
            [
                0.0,
                0.0,
                0.0,
                1.0
            ]
        ],
        [
            [
                0.9812724988735658,
                0.08827501297126317,
                -0.17120690710175968,
                -0.18123486975167732
            ],
            [
                -0.06290053326278836,
                0.986932216817677,
                0.1483520216330151,
                0.09005591845126414
            ],
            [
                0.18206538899440522,
                -0.13480475322580068,
                0.9740019880051825,
                0.0124848411613557
            ],
            [
                0.0,
                0.0,
                0.0,
                1.0
            ]
        ],
        [
            [
                0.9974882016517189,
                0.0074371290536303005,
                0.07044129951285402,
                0.08036023343982746
            ],
            [
                0.010532067216470905,
                0.967845650845391,
                -0.2513242361966088,
                -0.17174951731484833
            ],
            [
                -0.07004543615231258,
                0.25143485289653184,
                0.9653362893951162,
                0.021437451249669257
            ],
            [
                0.0,
                0.0,
                0.0,
                1.0
            ]
        ],
        [
            [
                0.918269282990428,
                -0.3545308337013264,
                -0.17632189844511018,
                -0.20044191488054847
            ],
            [
                0.2698714719577245,
                0.8862393353802291,
                -0.3764959880904224,
                -0.23970489176534293
            ],
            [
                0.2897428386338765,
                0.2981404507608026,
                0.9094841170028917,
                -0.02723844588278255
            ],
            [
                0.0,
                0.0,
                0.0,
                1.0
            ]
        ],
        [
            [
                0.9989854533153284,
                -0.014777203936836842,
                -0.04254054898771707,
                -0.06392559729858066
            ],
            [
                0.00035469133735022737,
                0.947183621138894,
                -0.32069153721335947,
                -0.21822343531511487
            ],
            [
                0.045032635481641894,
                0.32035109191326533,
                0.9462279004825195,
                0.0041999144986283755
            ],
            [
                0.0,
                0.0,
                0.0,
                1.0
            ]
        ],
        [
            [
                0.9969695688995339,
                0.012705290462373429,
                0.07674799204242175,
                0.07766551738780099
            ],
            [
                0.006991230590795176,
                0.9679471478052618,
                -0.2510566504804949,
                -0.16442129559736296
            ],
            [
                -0.0774777476641082,
                0.250832403508649,
                0.9649250250495996,
                -0.016910531180135163
            ],
            [
                0.0,
                0.0,
                0.0,
                1.0
            ]
        ],
        [
            [
                0.9985475072643516,
                -0.045090274558402185,
                -0.029491403432143633,
                -0.020533207409708203
            ],
            [
                0.034949139718663445,
                0.9586634139678495,
                -0.28238805986166077,
                -0.18497533970025526
            ],
            [
                0.04100528464813874,
                0.2809471940770285,
                0.9588468286286242,
                0.005508649380325549
            ],
            [
                0.0,
                0.0,
                0.0,
                1.0
            ]
        ],
        [
            [
                0.9850431239903269,
                -0.06547597843577858,
                -0.1593829982377549,
                -0.1529325036782112
            ],
            [
                0.028903630934033205,
                0.9746707724174902,
                -0.22176894623441032,
                -0.14335395477552448
            ],
            [
                0.1698664887439776,
                0.21384522824456254,
                0.9619852360399422,
                0.017988859174998758
            ],
            [
                0.0,
                0.0,
                0.0,
                1.0
            ]
        ],
        [
            [
                0.9943346166023782,
                -0.06865825001618228,
                -0.08114625641960983,
                -0.008391495556575392
            ],
            [
                0.05057475457239495,
                0.9770420139249255,
                -0.20695675206541866,
                -0.1427135106504874
            ],
            [
                0.09349259022052854,
                0.20168031071535103,
                0.9749790704643955,
                -0.021594469027662662
            ],
            [
                0.0,
                0.0,
                0.0,
                1.0
            ]
        ],
        [
            [
                0.9893364654687988,
                -0.019421795472151664,
                -0.1443473309567675,
                -0.05385657088685738
            ],
            [
                -0.006608561791726288,
                0.9840627227005887,
                -0.17769885959720672,
                -0.12313822805870166
            ],
            [
                0.14549805842261126,
                0.17675788992783542,
                0.9734407857407201,
                -0.058953251650933916
            ],
            [
                0.0,
                0.0,
                0.0,
                1.0
            ]
        ],
        [
            [
                0.9939947223299292,
                0.0299857161975953,
                -0.10523948310574181,
                -0.05097895345910883
            ],
            [
                -0.045580010201535695,
                0.9877769567866178,
                -0.14906088122440642,
                -0.11121818090956886
            ],
            [
                0.0994834390754278,
                0.15296254595647268,
                0.9832118311352036,
                0.001376590623188248
            ],
            [
                0.0,
                0.0,
                0.0,
                1.0
            ]
        ],
        [
            [
                0.9881158969182207,
                -0.06336995353803389,
                -0.1400400772853539,
                -0.10627207915531128
            ],
            [
                0.036140027105209825,
                0.9813022414072609,
                -0.18904975390071613,
                -0.11976562734072953
            ],
            [
                0.14940171584802894,
                0.1817420149488666,
                0.9719305362545161,
                0.02380411430274585
            ],
            [
                0.0,
                0.0,
                0.0,
                1.0
            ]
        ],
        [
            [
                0.9903166978977248,
                -0.12428933659541441,
                -0.06184657366109365,
                -0.06842442182644265
            ],
            [
                0.10425972690692566,
                0.9600117806905898,
                -0.25982165090803283,
                -0.15127913710435947
            ],
            [
                0.09166649993448306,
                0.2508576124895437,
                0.9636740688873019,
                -0.009044594218421177
            ],
            [
                0.0,
                0.0,
                0.0,
                1.0
            ]
        ],
        [
            [
                0.999452775390506,
                0.0329354510011824,
                0.003066892818930785,
                -0.017417491053534805
            ],
            [
                -0.03197184809440123,
                0.9856470992825284,
                -0.1657636769783027,
                -0.11235586338307112
            ],
            [
                -0.008482375471684242,
                0.1655749127835711,
                0.9861607361698546,
                0.03334850333601258
            ],
            [
                0.0,
                0.0,
                0.0,
                1.0
            ]
        ],
        [
            [
                0.9884541445152497,
                0.14211635017101018,
                0.05254852238358481,
                0.040658947092883105
            ],
            [
                -0.12459661327362496,
                0.9597167666294958,
                -0.2518321103651564,
                -0.1858543245547424
            ],
            [
                -0.08622115837409083,
                0.2423771252909324,
                0.9663432314578159,
                0.0787014606120659
            ],
            [
                0.0,
                0.0,
                0.0,
                1.0
            ]
        ],
        [
            [
                0.9560745455415532,
                0.06700910640824545,
                -0.28536160047539844,
                -0.13881678328129854
            ],
            [
                -0.17211223232988807,
                0.9163637469932692,
                -0.3614621179029383,
                -0.18789718983373335
            ],
            [
                0.2372737719385249,
                0.3946989521835893,
                0.8876451398476988,
                -0.006482676646271858
            ],
            [
                0.0,
                0.0,
                0.0,
                1.0
            ]
        ],
        [
            [
                0.9781731389566475,
                0.025609241765298284,
                0.20620736398079226,
                0.041897444644850845
            ],
            [
                0.05108984231985256,
                0.9322720490151186,
                -0.3581321748138323,
                -0.20477615100317442
            ],
            [
                -0.2014128551891188,
                0.3608503753099877,
                0.9106151044229439,
                0.05283232718452319
            ],
            [
                0.0,
                0.0,
                0.0,
                1.0
            ]
        ],
        [
            [
                0.9965958985849832,
                -0.005963849948611902,
                0.08222558858031784,
                0.10233106598915669
            ],
            [
                0.033080426055564875,
                0.9424932136289231,
                -0.33258416630292154,
                -0.21137041713813023
            ],
            [
                -0.07551357716047861,
                0.3341720735747036,
                0.9394821578439958,
                0.07266313914105625
            ],
            [
                0.0,
                0.0,
                0.0,
                1.0
            ]
        ],
        [
            [
                0.9930455328734309,
                -0.07716323772543038,
                -0.08891796434833292,
                -0.07063692208081643
            ],
            [
                0.037081789325469246,
                0.9218249516459682,
                -0.3858285881364027,
                -0.2607858454503479
            ],
            [
                0.11173858125349645,
                0.3798481186825032,
                0.9182755012483012,
                0.19600513809620745
            ],
            [
                0.0,
                0.0,
                0.0,
                1.0
            ]
        ],
        [
            [
                0.8644748249066971,
                0.4984513230647969,
                -0.06503503392393561,
                -0.02866811751504834
            ],
            [
                -0.488390026610984,
                0.8022221187800287,
                -0.34338732365508673,
                -0.16657799636038406
            ],
            [
                -0.11898932309016695,
                0.32861215844066793,
                0.9369394806045422,
                -0.03867637718890888
            ],
            [
                0.0,
                0.0,
                0.0,
                1.0
            ]
        ],
        [
            [
                0.9987913184871907,
                0.005444042981926038,
                -0.048849406451155604,
                -0.05537742421545087
            ],
            [
                -0.010885543808904682,
                0.9936677578829876,
                -0.11182974505819512,
                -0.05696295581360935
            ],
            [
                0.047931274243479906,
                0.11222633086672426,
                0.9925259914025368,
                0.1172970869729516
            ],
            [
                0.0,
                0.0,
                0.0,
                1.0
            ]
        ],
        [
            [
                0.8223989822040726,
                0.5414130702526218,
                -0.17473351547237373,
                -0.0737230378186305
            ],
            [
                -0.5674473291358928,
                0.7586161836938718,
                -0.32016404310023133,
                -0.17171481050726184
            ],
            [
                -0.04078532488832271,
                0.3624546498492953,
                0.9311085780274928,
                0.002463795134480707
            ],
            [
                0.0,
                0.0,
                0.0,
                1.0
            ]
        ],
        [
            [
                0.9968780723041059,
                0.017122482042435213,
                -0.07707742580000278,
                -0.06493320055687309
            ],
            [
                -0.025852967254890245,
                0.9931743297633079,
                -0.11373818524717778,
                -0.0528495984174091
            ],
            [
                0.07460384067436494,
                0.11537578302187262,
                0.9905163782839348,
                0.06338854304247031
            ],
            [
                0.0,
                0.0,
                0.0,
                1.0
            ]
        ],
        [
            [
                0.9997265654194313,
                0.0012678625372104066,
                0.023349238087239314,
                -0.02841144679638011
            ],
            [
                0.003850199359008719,
                0.975975454450158,
                -0.21784647868557377,
                -0.12115176278004834
            ],
            [
                -0.023064482642446944,
                0.21787681114656282,
                0.9757037074875964,
                0.02769414024054015
            ],
            [
                0.0,
                0.0,
                0.0,
                1.0
            ]
        ],
        [
            [
                0.9804592600084729,
                -0.19564917202386695,
                -0.02051928239519441,
                -0.05534473177887407
            ],
            [
                0.19576267774989672,
                0.9806444802236093,
                0.0036575137946471153,
                -0.04507556952904486
            ],
            [
                0.01940653147340827,
                -0.007602952935760131,
                0.9997827672263747,
                0.007564890596991249
            ],
            [
                0.0,
                0.0,
                0.0,
                1.0
            ]
        ],
        [
            [
                0.9968258012137222,
                0.0038158361377044142,
                -0.07952208139372789,
                -0.06040771109596826
            ],
            [
                -0.007170547081661147,
                0.9990942676728977,
                -0.04194314673107995,
                -0.03724749482619114
            ],
            [
                0.07929000749886568,
                0.04238022767429892,
                0.9959503054937556,
                -0.0824634506326772
            ],
            [
                0.0,
                0.0,
                0.0,
                1.0
            ]
        ],
        [
            [
                0.8402799104082449,
                0.5292500584078833,
                -0.11757571109529819,
                -0.0616840887354978
            ],
            [
                -0.5419779567456768,
                0.8145099314551144,
                -0.20696247476962423,
                -0.10280605856213945
            ],
            [
                -0.013768317475046123,
                0.23762985341963808,
                0.9712581974931619,
                -0.05819269372316264
            ],
            [
                0.0,
                0.0,
                0.0,
                1.0
            ]
        ],
        [
            [
                0.9966705521397476,
                -0.059103704433087684,
                -0.056165493140701975,
                -0.06333191096731125
            ],
            [
                0.06079806406036787,
                0.9977301171238275,
                0.02895183570318166,
                -0.00996919643509582
            ],
            [
                0.05432684330939391,
                -0.03227019532569987,
                0.9980016175285876,
                -0.02600155804796481
            ],
            [
                0.0,
                0.0,
                0.0,
                1.0
            ]
        ],
        [
            [
                0.9947018245051517,
                -0.03247903013799382,
                -0.09753662351863841,
                -0.0693008645009547
            ],
            [
                0.04493203596959695,
                0.9907135531906021,
                0.12832680027211488,
                0.003909369830308978
            ],
            [
                0.09246292483881392,
                -0.1320294214398735,
                0.9869239278710912,
                -0.11176346189201268
            ],
            [
                0.0,
                0.0,
                0.0,
                1.0
            ]
        ],
        [
            [
                0.9655210135882766,
                -0.2519470755432156,
                -0.06551216257070441,
                -0.0763324082745216
            ],
            [
                0.2573171795776257,
                0.9617956589614256,
                0.09347181124368194,
                0.024294563880537405
            ],
            [
                0.0394593640811055,
                -0.10710640283465638,
                0.9934642303868495,
                -0.002696713293888884
            ],
            [
                0.0,
                0.0,
                0.0,
                1.0
            ]
        ],
        [
            [
                0.9994171153907704,
                -0.022237756818494336,
                0.02590196200433222,
                -0.02692977891585397
            ],
            [
                0.028088704938794014,
                0.9668766990844607,
                -0.25369366058772097,
                -0.15824999441807633
            ],
            [
                -0.01940242559201639,
                0.2542733390255808,
                0.9669377513273172,
                0.015514520946622336
            ],
            [
                0.0,
                0.0,
                0.0,
                1.0
            ]
        ],
        [
            [
                0.9939869218074293,
                -0.041033189921905695,
                -0.1015198335332763,
                -0.08362387973937338
            ],
            [
                0.03419966970205302,
                0.9970880015142992,
                -0.06816083793859809,
                -0.07695104806241308
            ],
            [
                0.10402106454012945,
                0.06427903671535662,
                0.9924957549384698,
                -0.030908665183195787
            ],
            [
                0.0,
                0.0,
                0.0,
                1.0
            ]
        ],
        [
            [
                0.9992374012274491,
                -0.03847183091653217,
                -0.006673395997759248,
                0.011376384787695712
            ],
            [
                0.035804789125061465,
                0.9709820174962309,
                -0.23645705482108256,
                -0.13279308425137476
            ],
            [
                0.015576683341553385,
                0.23603779342486716,
                0.97161902359474,
                -0.04387870556224241
            ],
            [
                0.0,
                0.0,
                0.0,
                1.0
            ]
        ],
        [
            [
                0.9676810037109466,
                0.2515733412206308,
                0.017445029207819897,
                0.01614685564404765
            ],
            [
                -0.24725521958592492,
                0.9601211559932907,
                -0.13050755610930256,
                -0.0618112828439205
            ],
            [
                -0.04958156355430491,
                0.12197630836025027,
                0.9912938256411745,
                0.061689783515425395
            ],
            [
                0.0,
                0.0,
                0.0,
                1.0
            ]
        ],
        [
            [
                0.9858680458660956,
                0.11696695373023747,
                -0.1199288450508727,
                -0.12788295280325696
            ],
            [
                -0.1307084417186628,
                0.9848501525674359,
                -0.11395385141089723,
                -0.045750343757560756
            ],
            [
                0.10478310648022765,
                0.12801917326309514,
                0.9862208636372422,
                0.018176614662692565
            ],
            [
                0.0,
                0.0,
                0.0,
                1.0
            ]
        ],
        [
            [
                0.8997431834905938,
                0.43638174161091337,
                0.0057601519803121845,
                0.03360236994899857
            ],
            [
                -0.43478520788602115,
                0.8974365021126298,
                -0.07462940224439883,
                0.019296980928761327
            ],
            [
                -0.03773627917164072,
                0.06464286708116049,
                0.9971947016354472,
                0.0744869564626532
            ],
            [
                0.0,
                0.0,
                0.0,
                1.0
            ]
        ],
        [
            [
                0.9874183530502322,
                0.15671145203451636,
                -0.021130945572778205,
                -0.048106566827202574
            ],
            [
                -0.1557922278413897,
                0.9412059252276864,
                -0.2997668895333691,
                -0.21183531884518247
            ],
            [
                -0.02708833335188216,
                0.29928736544920875,
                0.9537784308101589,
                0.007104910691807671
            ],
            [
                0.0,
                0.0,
                0.0,
                1.0
            ]
        ],
        [
            [
                0.9947185365325373,
                0.09044745580506587,
                -0.04852103478860478,
                -0.06560913260503333
            ],
            [
                -0.09590234077956275,
                0.9874668908538156,
                -0.1253470402542478,
                -0.06581365141329217
            ],
            [
                0.036575594480021394,
                0.12933830525366424,
                0.9909257432737041,
                0.03430147272864603
            ],
            [
                0.0,
                0.0,
                0.0,
                1.0
            ]
        ],
        [
            [
                0.9924185250675268,
                0.1160510660988878,
                0.04046753217218737,
                0.010003975679106289
            ],
            [
                -0.10974683497408189,
                0.9849831519927075,
                -0.1332809907814404,
                -0.07828675910756806
            ],
            [
                -0.055327238463229504,
                0.12782934071574617,
                0.9902517641166863,
                0.11353713268551949
            ],
            [
                0.0,
                0.0,
                0.0,
                1.0
            ]
        ],
        [
            [
                0.9913966717747243,
                0.07339911521667485,
                0.10837531582149273,
                0.039623408258847054
            ],
            [
                -0.0652282879474677,
                0.9948866760793883,
                -0.07710883354810506,
                -0.06279705759989031
            ],
            [
                -0.11348087788451962,
                0.06937630463722057,
                0.9911150380805669,
                0.05000300536193537
            ],
            [
                0.0,
                0.0,
                0.0,
                1.0
            ]
        ],
        [
            [
                0.9634184135668424,
                0.26655157418240655,
                0.027842749527102036,
                -0.002106861049228299
            ],
            [
                -0.23972096445056051,
                0.9035418742474667,
                -0.3551702981448026,
                -0.21650335991530612
            ],
            [
                -0.11982829216525229,
                0.335503114415136,
                0.934386879517527,
                0.03861036608986925
            ],
            [
                0.0,
                0.0,
                0.0,
                1.0
            ]
        ],
        [
            [
                0.9977847761406418,
                0.013707503132800647,
                0.06509719548362798,
                0.006626526907037232
            ],
            [
                -0.0066998378119120985,
                0.9942717912687756,
                -0.1066710704008948,
                -0.08226781341287108
            ],
            [
                -0.06618649919177988,
                0.10599862944888877,
                0.992161094721867,
                0.1138184966088246
            ],
            [
                0.0,
                0.0,
                0.0,
                1.0
            ]
        ],
        [
            [
                0.9995844803519552,
                0.02450486688567175,
                0.0151782126228962,
                -0.011937272961173561
            ],
            [
                -0.023426192987540378,
                0.9974391912255056,
                -0.06757420580014371,
                -0.05935140448015892
            ],
            [
                -0.016795241040867857,
                0.06719055965182288,
                0.9975987913846195,
                0.0630639338211134
            ],
            [
                0.0,
                0.0,
                0.0,
                1.0
            ]
        ],
        [
            [
                0.9978242780141736,
                0.06410080191885689,
                -0.015420680881597185,
                -0.03945287258174827
            ],
            [
                -0.06575648506267436,
                0.9845370243683623,
                -0.162366660124834,
                -0.07990329533268194
            ],
            [
                0.004774398150013448,
                0.1630274051846821,
                0.986609988942467,
                0.05183488918629444
            ],
            [
                0.0,
                0.0,
                0.0,
                1.0
            ]
        ],
        [
            [
                0.9960674189894052,
                0.08401170398111847,
                0.028137704632255883,
                0.017032976712318654
            ],
            [
                -0.07851018427750696,
                0.9841328003657063,
                -0.159118767620491,
                -0.09021713286703464
            ],
            [
                -0.04105907685877823,
                0.15628392380069306,
                0.98685839276411,
                0.059769460568430355
            ],
            [
                0.0,
                0.0,
                0.0,
                1.0
            ]
        ],
        [
            [
                0.9807996155967019,
                0.19424830534826873,
                -0.01731213200874824,
                -0.06339269913579548
            ],
            [
                -0.19496748084463425,
                0.978698398564635,
                -0.06432049486839973,
                -0.03916654936016335
            ],
            [
                0.004449208745352806,
                0.06646081940771159,
                0.9977791158493927,
                -0.05076401896287332
            ],
            [
                0.0,
                0.0,
                0.0,
                1.0
            ]
        ],
        [
            [
                0.982639670494463,
                -0.14245841638792758,
                0.11884812817531097,
                0.036052594697828545
            ],
            [
                0.1508644568821319,
                0.9864169134797306,
                -0.06497375201403258,
                -0.08047730269498843
            ],
            [
                -0.10797774594883257,
                0.08177574457848419,
                0.9907843024485418,
                0.08396618716167563
            ],
            [
                0.0,
                0.0,
                0.0,
                1.0
            ]
        ],
        [
            [
                0.9710963488632093,
                0.017086501131338555,
                0.23807547690518918,
                0.13724846664605703
            ],
            [
                0.03767951925417035,
                0.9739541104381046,
                -0.22359258616845007,
                -0.1222029746987208
            ],
            [
                -0.23569500430284712,
                0.2261005135770592,
                0.9451594694583932,
                -0.12056435212666951
            ],
            [
                0.0,
                0.0,
                0.0,
                1.0
            ]
        ],
        [
            [
                0.9921088675744518,
                0.11755091891508447,
                0.04360936071944079,
                0.022393797888266186
            ],
            [
                -0.1104925758009925,
                0.9841076564085788,
                -0.13900903312690102,
                -0.06721368125527519
            ],
            [
                -0.0592569453566499,
                0.13309358384322376,
                0.9893304363895639,
                0.053270777285436624
            ],
            [
                0.0,
                0.0,
                0.0,
                1.0
            ]
        ],
        [
            [
                0.994166568924872,
                0.08416089210055272,
                0.06745203831603437,
                0.06580595326286824
            ],
            [
                -0.08414026254396567,
                0.9964489361633259,
                -0.003151799170009233,
                -0.006867111803751729
            ],
            [
                -0.06747777005193016,
                -0.002542018846248429,
                0.9977175395316068,
                0.04105663601682112
            ],
            [
                0.0,
                0.0,
                0.0,
                1.0
            ]
        ]
    ],
    "infos": [
        [
            [
                4398.776385874185,
                -78.99898390043143,
                -998.0772579537155,
                0.0,
