{
    "voxel_size": 0.02,
    "estimated_scale_factor": 0.3632487654685974,
    "transformations": [
        [
            [
                0.9869458475838884,
                0.15578399362661363,
                0.040856349159751545,
                0.24196645097243544
            ],
            [
                -0.14257959140256388,
                0.9631281903741494,
                -0.22815597520576802,
                -0.21064526604204734
            ],
            [
                -0.07489295061885522,
                0.2193523107613871,
                0.9727669863390925,
                -0.054258364913302486
            ],
            [
                0.0,
                0.0,
                0.0,
                1.0
            ]
        ],
        [
            [
                0.9915918459060274,
                0.07655935344749518,
                -0.10432773616051454,
                0.07421791966045391
            ],
            [
                -0.10127574595609737,
                0.9609894555545146,
                -0.2573761636089748,
                -0.2198993549922001
            ],
            [
                0.08055330169342795,
                0.2657779744688025,
                0.9606629137598414,
                0.011759900167194345
            ],
            [
                0.0,
                0.0,
                0.0,
                1.0
            ]
        ],
        [
            [
                0.9886740022243324,
                0.03736439935106616,
                -0.14535342784693295,
                0.028091321514191317
            ],
            [
                -0.06985044734744676,
                0.9717803723599994,
                -0.2253082841380298,
                -0.18007936646065725
            ],
            [
                0.13283309953125785,
                0.23290944497163668,
                0.9633839100337537,
                0.028654393823613785
            ],
            [
                0.0,
                0.0,
                0.0,
                1.0
            ]
        ],
        [
            [
                0.9921878658690867,
                0.1078834841349636,
                0.06264497324645807,
                0.25990842905006095
            ],
            [
                -0.0860627711577232,
                0.9554485165701307,
                -0.28233195285796203,
                -0.24588143848560803
            ],
            [
                -0.09031300151584908,
                0.274734937776101,
                0.9572691762103073,
                -0.06323781936149489
            ],
            [
                0.0,
                0.0,
                0.0,
                1.0
            ]
        ],
        [
            [
                0.9833802877455876,
                0.11983327354989488,
                0.13639353439119545,
                0.32008433135634035
            ],
            [
                -0.075588100316067,
                0.9532611511263768,
                -0.2925399405958514,
                -0.24768816542810804
            ],
            [
                -0.16507467632563855,
                0.2773682828002003,
                0.9464761945936381,
                -0.1348958962469981
            ],
            [
                0.0,
                0.0,
                0.0,
                1.0
            ]
        ],
        [
            [
                0.9949000417624613,
                0.021256514151663835,
                -0.09860054516671422,
                0.08941970813657467
            ],
            [
                -0.04554979755904026,
                0.9668714921796162,
                -0.2511667445198332,
                -0.19696822829714267
            ],
            [
                0.08999512677575158,
                0.2543770394836787,
                0.9629087178648531,
                0.010316876124631818
            ],
            [
                0.0,
                0.0,
                0.0,
                1.0
            ]
        ],
        [
            [
                0.9961280446199132,
                0.058322453161010056,
                0.06578305388920576,
                0.19724675203147257
            ],
            [
                -0.03889807820028194,
                0.963424578683147,
                -0.2651415107098948,
                -0.20077648707497012
            ],
            [
                -0.07884071431711609,
                0.26155606023658173,
                0.9619628730462969,
                -0.13650255294146757
            ],
            [
                0.0,
                0.0,
                0.0,
                1.0
            ]
        ],
        [
            [
                0.983170111717445,
                0.045873208744524496,
                0.17683941909254425,
                0.27843769620940373
            ],
            [
                0.025490841057168073,
                0.9240484361817565,
                -0.38142457263821977,
                -0.2934421608311438
            ],
            [
                -0.18090535770867971,
                0.3795130252172268,
                0.9073274575602583,
                -0.16116729907829938
            ],
            [
                0.0,
                0.0,
                0.0,
                1.0
            ]
        ],
        [
            [
                0.8143310451997641,
                -0.12091964312461657,
                -0.5676648559938119,
                -0.5154223393330961
            ],
            [
                -0.011957654124517816,
                0.9743539190963808,
                -0.22470303702745395,
                -0.1550409242143833
            ],
            [
                0.5802774882172314,
                0.18977059900874613,
                0.7920007300628982,
                -0.18057230308960998
            ],
            [
                0.0,
                0.0,
                0.0,
                1.0
            ]
        ],
        [
            [
                0.95072532338381,
                0.20271551503808363,
                0.23458000647880128,
                0.43560966414145336
            ],
            [
                -0.1275428220512934,
                0.9453639556604797,
                -0.3000330313168228,
                -0.24180054449963387
            ],
            [
                -0.28258483331548795,
                0.25533000470139416,
                0.9246363613222462,
                0.025077812507888292
            ],
            [
                0.0,
                0.0,
                0.0,
                1.0
            ]
        ],
        [
            [
                0.9425075810392266,
                0.24721697753769914,
                0.22486268187654132,
                0.41149498576597116
            ],
            [
                -0.17245270228321302,
                0.9361548907380047,
                -0.30638878246850315,
                -0.2499442725635651
            ],
            [
                -0.28625080813650733,
                0.2499955730896824,
                0.9249663173741828,
                0.05249790952410833
            ],
            [
                0.0,
                0.0,
                0.0,
                1.0
            ]
        ],
        [
            [
                0.9824772246846898,
                0.07577716183239526,
                -0.1702830723251661,
                -0.018139393057636316
            ],
            [
                -0.11650790093912819,
                0.9628136951240859,
                -0.24375335382361704,
                -0.19994953133985183
            ],
            [
                0.14547993674259385,
                0.259321441894284,
                0.9547711651381402,
                0.03839794831449816
            ],
            [
                0.0,
                0.0,
                0.0,
                1.0
            ]
        ],
        [
            [
                0.9847436268175894,
                0.028643579176326414,
                0.1716378012388557,
                0.17411509264995315
            ],
            [
                0.011502953002469318,
                0.9734864047583782,
                -0.22845547010923484,
                -0.16816724560172427
            ],
            [
                -0.17363084839498535,
                0.22694440976278304,
                0.9583050471342938,
                -0.2788031491897661
            ],
            [
                0.0,
                0.0,
                0.0,
                1.0
            ]
        ],
        [
            [
                0.9816123552762083,
                0.15212561834735935,
                0.11530386034963293,
                0.23576101700808344
            ],
            [
                -0.14155325214024073,
                0.9853657999790969,
                -0.09495744857606407,
                -0.06868917159397188
            ],
            [
                -0.12806194117541542,
                0.0768897683309551,
                0.98878111973702,
                -0.2253470831179229
            ],
            [
                0.0,
                0.0,
                0.0,
                1.0
            ]
        ],
        [
            [
                0.9805950583150285,
                0.1174847211687085,
                0.15694161940051987,
                0.26356478286350143
            ],
            [
                -0.07074526675407933,
                0.9586610969296809,
                -0.27561568980280204,
                -0.19811699216904444
            ],
            [
                -0.1828344574746265,
                0.25916450668540836,
                0.9483698221867178,
                -0.015415126293232473
            ],
            [
                0.0,
                0.0,
                0.0,
                1.0
            ]
        ],
        [
            [
                0.9459238296236626,
                0.11919437965852231,
                0.30169655020885794,
                0.3805964072454898
            ],
            [
                0.005405740126787189,
                0.924124833194539,
                -0.3820524448905514,
                -0.28647357815340635
            ],
            [
                -0.3243437783028795,
                0.36302340493553087,
                0.8735073674246979,
                -0.14852348628762865
            ],
            [
                0.0,
                0.0,
                0.0,
                1.0
            ]
        ],
        [
            [
                0.996949287362793,
                -0.02523953852306862,
                -0.07385854129321137,
                -0.010627189768132284
            ],
            [
                0.006690573030788796,
                0.9704246694883482,
                -0.24131141100442954,
                -0.1619842885742451
            ],
            [
                0.07776473917745866,
                0.24008108326890634,
                0.967633049661436,
                -0.10086897019415611
            ],
            [
                0.0,
                0.0,
                0.0,
                1.0
            ]
        ],
        [
            [
                0.851858088615416,
                -0.02170909674166962,
                0.5233225697207708,
                0.5224211701234827
            ],
            [
                0.10163022642114901,
                0.9870024981655424,
                -0.12448841589707713,
                -0.1430260047260709
            ],
            [
                -0.5138181525968852,
                0.1592318552728647,
                0.8429923619631946,
                -0.4813501215158906
            ],
            [
                0.0,
                0.0,
                0.0,
                1.0
            ]
        ],
        [
            [
                0.9831969789019431,
                0.08363649488624078,
                0.16226101627080958,
                0.3639238636274321
            ],
            [
                -0.0368132741783171,
                0.9614488454163043,
                -0.27250853287911486,
                -0.22048773513863396
            ],
            [
                -0.178797325266247,
                0.2619562069713171,
                0.9483725333996321,
                -0.02347251712646824
            ],
            [
                0.0,
                0.0,
                0.0,
                1.0
            ]
        ],
        [
            [
                0.9769544132749983,
                -0.05930736131534785,
                -0.20504319368444274,
                -0.1005148929113152
            ],
            [
                0.01888673503877798,
                0.9808744394157406,
                -0.19372306352221383,
                -0.13096940735127463
            ],
            [
                0.21261083138466888,
                0.18538600539055647,
                0.9593897348748591,
                -0.03980388681220212
            ],
            [
                0.0,
                0.0,
                0.0,
                1.0
            ]
        ],
        [
            [
                0.9818371194956291,
                -0.023100628730754424,
                -0.18831418356770013,
                -0.020484222507939718
            ],
            [
                0.026029293127394843,
                0.9995754270020281,
                0.013093572201709031,
                -0.04009533137485897
            ],
            [
                0.18793176070003131,
                -0.017757440298563666,
                0.9820215510029452,
                -0.06130470982772063
            ],
            [
                0.0,
                0.0,
                0.0,
                1.0
            ]
        ],
        [
            [
                0.987051683850848,
                0.08495565562135561,
                0.1360570100551632,
                0.3417491842773946
            ],
            [
                -0.04670105592836525,
                0.9636829941252656,
                -0.26293363841269946,
                -0.2045885117177281
            ],
            [
                -0.15345352645795024,
                0.2531750845002528,
                0.9551724408743737,
                -0.15331523851630657
            ],
            [
                0.0,
                0.0,
                0.0,
                1.0
            ]
        ],
        [
            [
                0.7417718458161789,
                -0.16350531803596252,
                -0.6504156668842,
                -0.5157343485727057
            ],
            [
                0.04202543169024999,
                0.9792517758818543,
                -0.1982418283901853,
                -0.14468023905312632
            ],
            [
                0.6693342900566995,
                0.11971620778405205,
                0.7332527788887664,
                -0.350846415322012
            ],
            [
                0.0,
                0.0,
                0.0,
                1.0
            ]
        ],
        [
            [
                0.8287646397095904,
                -0.1370579575563122,
                -0.5425534888262404,
                -0.3246646672414651
            ],
            [
                0.0921422465754294,
                0.9897319021143638,
                -0.10927290758973948,
                -0.08740044581458914
            ],
            [
                0.5519592180252686,
                0.04056942454084301,
                0.8328836313851772,
                -0.12089369292472239
            ],
            [
                0.0,
                0.0,
                0.0,
                1.0
            ]
        ],
        [
            [
                0.986355616147365,
                -0.05660444843612588,
                -0.15459150983089243,
                -0.07884316060061027
            ],
            [
                0.016649763062467116,
                0.9685157961416232,
                -0.24839472219457512,
                -0.1561596738398441
            ],
            [
                0.1637845654648713,
                0.2424316172478301,
                0.95624344550647,
                0.21817682695088195
            ],
            [
                0.0,
                0.0,
                0.0,
                1.0
            ]
        ],
        [
            [
                0.6651240480802841,
                -0.30893963294578963,
                -0.6798281428865797,
                -0.8172013723804286
            ],
            [
                0.1138343483542153,
                0.9417115518076125,
                -0.31657715382963025,
                -0.20191156902060994
            ],
            [
                0.7380052451033572,
                0.13317528444654825,
                0.6615229412594197,
                -0.07405756112103304
            ],
            [
                0.0,
                0.0,
                0.0,
                1.0
            ]
        ],
        [
            [
                0.9760705503509324,
                -0.15154522581597013,
                0.15594975238843803,
                -0.07400478068730847
            ],
            [
                0.18351934260405509,
                0.9587836106983034,
                -0.2169208121561837,
                -0.13754618164716692
            ],
            [
                -0.11664875322010054,
                0.24034981254144897,
                0.9636519267782772,
                -0.06398948310663964
            ],
            [
                0.0,
                0.0,
                0.0,
                1.0
            ]
        ],
        [
            [
                0.9749068895215032,
                0.052515651058038786,
                0.21632998672735473,
                0.1889512774183581
            ],
            [
                0.026041799419288462,
                0.9381994574735193,
                -0.3451138981255316,
                -0.22063268686907017
            ],
            [
                -0.2210845572320974,
                0.34208753907493394,
                0.9132895127850434,
                0.09406822525631434
            ],
            [
                0.0,
                0.0,
                0.0,
                1.0
            ]
        ],
        [
            [
                0.8941012436709078,
                0.048603139411100005,
                0.4452198343577277,
                0.3759444077221031
            ],
            [
                0.06624508634096969,
                0.9688074441857993,
                -0.23879640831858662,
                -0.1630563065532056
            ],
            [
                -0.44293854494931334,
                0.24300179202953423,
                0.8629922215574245,
                -0.3003215823815029
            ],
            [
                0.0,
                0.0,
                0.0,
                1.0
            ]
        ],
        [
            [
                0.9963232455774816,
                0.059913681489219814,
                0.06124002851373013,
                -0.008425405928882062
            ],
            [
                -0.0529277308424982,
                0.9925277661063518,
                -0.1099422067078887,
                -0.061976848333057215
            ],
            [
                -0.06736947105194022,
                0.1062966804671922,
                0.9920495804604919,
                -0.16313213380504052
            ],
            [
                0.0,
                0.0,
                0.0,
                1.0
            ]
        ],
        [
            [
                0.34312155017251716,
                -0.3416727300774565,
                -0.8749441966940673,
                -0.6800864699002451
            ],
            [
                0.09502037347134873,
                0.9393419541112253,
                -0.3295570085309528,
                -0.2655943368856389
            ],
            [
                0.9344724342818114,
                0.029940587300898255,
                0.3547743378536603,
                -0.8344534482651741
            ],
            [
                0.0,
                0.0,
                0.0,
                1.0
            ]
        ],
        [
            [
                0.9934226686108489,
                -0.07510646820342574,
                0.08643159100761691,
                -0.03415080037537985
            ],
            [
                0.08497541890821259,
                0.9895097803730182,
                -0.11683138588373947,
                -0.0557639970215653
            ],
            [
                -0.07675011186619823,
                0.12340750779490378,
                0.9893836502330011,
                -0.15391514014556526
            ],
            [
                0.0,
                0.0,
                0.0,
                1.0
            ]
        ],
        [
            [
                0.9943577893714225,
                -0.08438450698480453,
                -0.06427940336771466,
                -0.13822167483282907
            ],
            [
                0.06600949081154475,
                0.9665682240105231,
                -0.24776726066198287,
                -0.16774973172392676
            ],
            [
                0.08303814689152504,
                0.24212625490448952,
                0.9666848208422162,
                -0.05662490008037649
            ],
            [
                0.0,
                0.0,
                0.0,
                1.0
            ]
        ],
        [
            [
                0.9663316940267105,
                -0.08214310476246962,
                -0.2438351235147485,
                -0.2596628062182182
            ],
            [
                0.029027187827127605,
                0.9764239538053167,
                -0.21390110986631689,
                -0.12433146765540735
            ],
            [
                0.2556569566554356,
                0.1996215739221977,
                0.9459337966995922,
                -0.014602016168721605
            ],
            [
                0.0,
                0.0,
                0.0,
                1.0
            ]
        ],
        [
            [
                0.8581583066530918,
                -0.16395245753171744,
                -0.4865017085186949,
                -0.3051108215614114
            ],
            [
                0.036120595849033266,
                0.9645685953387301,
                -0.26134790498831073,
                -0.1618524845360231
            ],
            [
                0.5121129009093693,
                0.20670514399883336,
                0.8336746128835949,
                -0.1557596373798242
            ],
            [
                0.0,
                0.0,
                0.0,
                1.0
            ]
        ],
        [
            [
                0.9941970678351817,
                0.0493950269628484,
                -0.09556318129524291,
                -0.10406405116498
            ],
            [
                -0.0773148889533069,
                0.9457719995351228,
                -0.3154960108170553,
                -0.1627574579128475
            ],
            [
                0.07479704709455981,
                0.32105366561788035,
                0.9441027198029129,
                -0.2493724232697344
            ],
            [
                0.0,
                0.0,
                0.0,
                1.0
            ]
        ],
        [
            [
                0.7819355468727801,
                -0.14967977571728575,
                -0.6051221077418923,
                -0.1915502424751107
            ],
            [
                -0.025128332396341012,
                0.9623859739790459,
                -0.2705213559026055,
                -0.15408669137572065
            ],
            [
                0.6228526049136709,
                0.22673597383218266,
                0.748762599708764,
                -0.3183045332271869
            ],
            [
                0.0,
                0.0,
                0.0,
                1.0
            ]
        ],
        [
            [
                0.9921969327188979,
                -0.12459385416147228,
                -0.004649538514771121,
                -0.11748424234294144
            ],
            [
                0.12001473573688995,
                0.9645085029777082,
                -0.2352016387904306,
                -0.1593792025199044
            ],
            [
                0.033789198114413325,
                0.2328083314421749,
                0.9719354767174068,
                -0.1113082349919765
            ],
            [
                0.0,
                0.0,
                0.0,
                1.0
            ]
        ],
        [
            [
                0.9906008065510667,
                -0.026249015551058723,
                0.1342424345837686,
                0.1199274981395068
            ],
            [
                0.07792110019320415,
                0.9148944922335941,
                -0.3961014645584068,
                -0.29849402298345734
            ],
            [
                -0.11242039052172761,
                0.40283874846299783,
                0.9083405740864539,
                0.004576392652184948
            ],
            [
                0.0,
                0.0,
                0.0,
                1.0
            ]
        ],
        [
            [
                0.9187976580510299,
                -0.3398739044568709,
                -0.20074011215794466,
                -0.22095622661782224
            ],
            [
                0.2997517470015089,
                0.9316450726689622,
                -0.20539315651011247,
                -0.2041876083173986
            ],
            [
                0.2568263104307773,
                0.1285425518685773,
                0.9578711075241948,
                -0.16031939008100735
            ],
            [
                0.0,
                0.0,
                0.0,
                1.0
            ]
        ],
        [
            [
                0.9350530307119703,
                -0.25206910424009743,
                -0.2492729356427489,
                -0.16231921425771031
            ],
            [
                0.1424379851865492,
                0.9110329487142007,
                -0.38695010884234854,
                -0.2406978277106064
            ],
            [
                0.32463402491475757,
                0.32631293729287514,
                0.8877683351094136,
                -0.05521024314635669
            ],
            [
                0.0,
                0.0,
                0.0,
                1.0
            ]
        ],
        [
            [
                0.8725989729477602,
                -0.48570683008570525,
                0.05157429222595676,
                -0.12000138333296628
            ],
            [
                0.48764152400132244,
                0.8723321993690125,
                -0.03524596450217234,
                -0.14316934478281293
            ],
            [
                -0.027870710076705663,
                0.05590535888550408,
                0.998047000079507,
                -0.049903150018828606
            ],
            [
                0.0,
                0.0,
                0.0,
                1.0
            ]
        ],
        [
            [
                0.9207070236720019,
                -0.1076416525779391,
                -0.375115783713953,
                -0.19544649165330355
            ],
            [
                0.016516768592504363,
                0.9710949072055838,
                -0.23812156045734276,
                -0.12342156840684605
            ],
            [
                0.3899048254591176,
                0.2130444926058134,
                0.8958717939828376,
                0.13175554789443708
            ],
            [
                0.0,
                0.0,
                0.0,
                1.0
            ]
        ],
        [
            [
                0.936600357023422,
                -0.08562167874769262,
                -0.33977742619548107,
                -0.23089579269188257
            ],
            [
                -0.032978489199721704,
                0.9438418720359982,
                -0.3287475320693477,
                -0.18158176268641243
            ],
            [
                0.3488440775958546,
                0.31911040208681735,
                0.8811789607147278,
                -0.17206541656082763
            ],
            [
                0.0,
                0.0,
                0.0,
                1.0
            ]
        ],
        [
            [
                0.9139938570241364,
                0.05712162687615657,
                -0.40168687937890585,
                -0.30728285494973523
            ],
            [
                -0.21355070018335015,
                0.9095345773719505,
                -0.3565711023288735,
                -0.28372112028244
            ],
            [
                0.3449801846097008,
                0.41168431146674545,
                0.8435073798840216,
                -0.037456667832315556
            ],
            [
                0.0,
                0.0,
                0.0,
                1.0
            ]
        ],
        [
            [
                0.9610278485773782,
                -0.03515652882905798,
                -0.2742070253283585,
                -0.23788039617147114
            ],
            [
                -0.058348275122518806,
                0.9437417637809835,
                -0.3254949494013446,
                -0.1771738474815936
            ],
            [
                0.27022389429686294,
                0.3288092179003642,
                0.9049107940425892,
                -0.1335482512787177
            ],
            [
                0.0,
                0.0,
                0.0,
                1.0
            ]
        ],
        [
            [
                0.9523623114245562,
                -0.05953502578638707,
                -0.29910133480593387,
                -0.3131028183478301
            ],
            [
                -0.11646772035138173,
                0.8354201851980076,
                -0.5371297648426109,
                -0.4011712619238435
            ],
            [
                0.2818533269170853,
                0.5463777949993405,
                0.7886887898515038,
                -0.28432681687529093
            ],
            [
                0.0,
                0.0,
                0.0,
                1.0
            ]
        ],
        [
            [
                0.9690675756915544,
                0.12954214761906985,
                -0.21006395629315783,
                -0.1569780386985309
            ],
            [
                -0.15990322005861782,
                0.9779119297751634,
                -0.1346076439816876,
                -0.06656392642215436
            ],
            [
                0.18798668558751624,
                0.16403380625241465,
                0.9683769495646649,
                -0.05276475732834701
            ],
            [
                0.0,
                0.0,
                0.0,
                1.0
            ]
        ],
        [
            [
                0.9519034857474529,
                0.23257755982249606,
                0.19946787332515845,
                0.1998523474768491
            ],
            [
                -0.16170609645905104,
                0.9343033600801094,
                -0.3176922562968628,
                -0.19238778240646806
            ],
            [
                -0.2602515940197572,
                0.27015719499955776,
                0.9269758345286824,
                -0.3748420396028408
            ],
            [
                0.0,
                0.0,
                0.0,
                1.0
            ]
        ],
        [
            [
                0.9126089621257055,
                -0.10374414855650609,
                -0.39545168338006653,
                -0.3563652838342243
            ],
            [
                -0.07250681275037206,
                0.9108638990081138,
                -0.40628773004918417,
                -0.259088858045007
            ],
            [
                0.402352636815798,
                0.39945476480325276,
                0.8237403999582357,
                -0.18645819147715847
            ],
            [
                0.0,
                0.0,
                0.0,
                1.0
            ]
        ],
        [
            [
                0.9929939925827627,
                0.027556326901990925,
                0.11490682983276064,
                0.03282410205004006
            ],
            [
                0.018942041403682035,
                0.9227319462359623,
                -0.38497656352439624,
                -0.2922709996852084
            ],
            [
                -0.11663674276147126,
                0.38445598479313925,
                0.9157453062914004,
                0.033399954535581006
            ],
            [
                0.0,
                0.0,
                0.0,
                1.0
            ]
        ],
        [
            [
                0.9666905186388431,
                -0.25016664490365165,
                -0.05409335404109003,
                -0.07299183982204266
            ],
            [
                0.18625832698813796,
                0.8325449144134066,
                -0.5217056652097547,
                -0.3249190844925099
            ],
            [
                0.17554850270322572,
                0.49425258245357007,
                0.8514088958524172,
                -0.021199314485205772
            ],
            [
                0.0,
                0.0,
                0.0,
                1.0
            ]
        ],
        [
            [
                0.9992209267839505,
                -0.030599590490448483,
                -0.024923975181325664,
                -0.04005895588660132
            ],
            [
                0.018635085830441024,
                0.9225200486572644,
                -0.3854990186777285,
                -0.2639915075083903
            ],
            [
                0.03478897890301728,
                0.38473422630072357,
                0.9223715639912524,
                0.032237906335504336
            ],
            [
                0.0,
                0.0,
                0.0,
                1.0
            ]
        ],
        [
            [
                0.9850175578175684,
                -0.16402925304284485,
                0.05324298016940816,
                -0.018931311340842256
            ],
            [
                0.172423324107202,
                0.9425606647386431,
                -0.2860936745041206,
                -0.20662295078075524
            ],
            [
                -0.0032570070519501396,
                0.2909876241932862,
                0.9567212731362301,
                0.07128023831571148
            ],
            [
                0.0,
                0.0,
                0.0,
                1.0
            ]
        ],
        [
            [
                0.9999735066370629,
                -0.006725658777826541,
                -0.002784158397238957,
                -0.014789104050112052
            ],
            [
                0.005147920355320629,
                0.9238379141679803,
                -0.3827492746717756,
                -0.25236069393580146
            ],
            [
                0.0051463521053214676,
                0.38272480173064255,
                0.9238480617505506,
                -0.020389465139229707
            ],
            [
                0.0,
                0.0,
                0.0,
                1.0
            ]
        ],
        [
            [
                0.910877017339614,
                0.1705766615737192,
                0.3757747487642749,
                0.2572677032327952
            ],
            [
                -0.10090924950721104,
                0.97499801621065,
                -0.19798028121302347,
                -0.11673392323620584
            ],
            [
                -0.4001504500139672,
                0.14241654016181296,
                0.9053160478208471,
                -0.060805502467197944
            ],
            [
                0.0,
                0.0,
                0.0,
                1.0
            ]
        ],
        [
            [
                0.8861034022997908,
                0.1385017324769839,
                0.4423098806646862,
                0.41232591008286007
            ],
            [
                -0.025292407866956627,
                0.9673354613722179,
                -0.25223480980247026,
                -0.11732493290177162
            ],
            [
                -0.46279699063090995,
                0.21231904123905343,
                0.8606622857952488,
                0.15221053936915827
            ],
            [
                0.0,
                0.0,
                0.0,
                1.0
            ]
        ],
        [
            [
                0.9976942614054889,
                -0.004884061567410558,
                0.06769273743291546,
                0.035926119590309655
            ],
            [
                0.02058568481192164,
                0.9721966845130783,
                -0.23325916102610317,
                -0.11669674314317517
            ],
            [
                -0.06467140279428081,
                0.23411482773285233,
                0.9700555948481697,
                0.06167368233791625
            ],
            [
                0.0,
                0.0,
                0.0,
                1.0
            ]
        ],
        [
            [
                0.9987973494634248,
                -0.04866428881545174,
                -0.005970066911066344,
                -0.014905838601944962
            ],
            [
                0.045310252558575806,
                0.9626881225402208,
                -0.2667931028588675,
                -0.14356443662914756
            ],
            [
                0.0187306091175484,
                0.26620173875102787,
                0.9637353363699058,
                0.12194501566687975
            ],
            [
                0.0,
                0.0,
                0.0,
                1.0
            ]
        ],
        [
            [
                0.9869639783072411,
                -0.05545883691349864,
                -0.15108415844206638,
                -0.14114969348991302
            ],
            [
                -0.03294701824351074,
                0.8492488970519048,
                -0.5269637604664922,
                -0.39358222138417637
            ],
            [
                0.1575328521699752,
                0.5250720219782489,
                0.83635086669583,
                -0.05044858385039588
            ],
            [
                0.0,
                0.0,
                0.0,
                1.0
            ]
        ]
    ],
    "infos": [
        [
            [
                2499.5653241411956,
                -4.622522449241689,
                -197.5250359407368,
                0.0,
                2537.678239883184,
                -399.8698147894159
            ],
            [
