{
    "voxel_size": 0.02,
    "estimated_scale_factor": 0.45919317603111265,
    "transformations": [
        [
            [
                0.9970536659206152,
                -0.06924163286309407,
                -0.033008840523637104,
                -0.07294129440664844
            ],
            [
                0.061009917730821095,
                0.9766715583202712,
                -0.20588942932246718,
                -0.14643615099410526
            ],
            [
                0.04649491598810428,
                0.20326894363553213,
                0.9780183839481513,
                0.0417744664287715
            ],
            [
                0.0,
                0.0,
                0.0,
                1.0
            ]
        ],
        [
            [
                0.9915190672214533,
                -0.0655700331961708,
                -0.11220744219057752,
                -0.15615139798519365
            ],
            [
                0.04438565720360358,
                0.9823286847247208,
                -0.18182482944197925,
                -0.13302670558380375
            ],
            [
                0.12214684920579374,
                0.17530238422124694,
                0.9769079901994066,
                -0.08726843770888096
            ],
            [
                0.0,
                0.0,
                0.0,
                1.0
            ]
        ],
        [
            [
                0.9937270971206875,
                -0.05034020800640554,
                -0.09986150362359339,
                -0.14404851242057973
            ],
            [
                0.02965692367844414,
                0.9796106603759895,
                -0.1987043556534375,
                -0.14264569521699647
            ],
            [
                0.10782821210622039,
                0.19449631753734717,
                0.9749585935507145,
                -0.06387207366114953
            ],
            [
                0.0,
                0.0,
                0.0,
                1.0
            ]
        ],
        [
            [
                0.9901384444145389,
                -0.06782889117165516,
                -0.12257692447919875,
                -0.15876389584984762
            ],
            [
                0.04402789489127667,
                0.9813026452811401,
                -0.18736772090112064,
                -0.13796359751495577
            ],
            [
                0.13299400499194738,
                0.18012317975946707,
                0.9746118379896382,
                -0.06429359199478858
            ],
            [
                0.0,
                0.0,
                0.0,
                1.0
            ]
        ],
        [
            [
                0.9970605913945829,
                -0.05293227633506833,
                0.055392699969154906,
                0.011601478843725728
            ],
            [
                0.061112958581435214,
                0.985497985249224,
                -0.1583001180136769,
                -0.11665431147190607
            ],
            [
                -0.046210208626543056,
                0.16122002106347805,
                0.9858360520020475,
                -0.059205978254896215
            ],
            [
                0.0,
                0.0,
                0.0,
                1.0
            ]
        ],
        [
            [
                0.9675412244136172,
                -0.04717702523103801,
                0.24827063328260937,
                0.09026872186152696
            ],
            [
                0.08539685196420874,
                0.9856653305230797,
                -0.14550338098969462,
                -0.11439350812095173
            ],
            [
                -0.23784733913752495,
                0.16198204991658532,
                0.95770061019612,
                -0.07792600697180257
            ],
            [
                0.0,
                0.0,
                0.0,
                1.0
            ]
        ],
        [
            [
                0.983710656745936,
                -0.08403211120901787,
                -0.15890861553180638,
                -0.17679732237621767
            ],
            [
                0.04732191134548933,
                0.9738849838246596,
                -0.22205556734171772,
                -0.1596039098431831
            ],
            [
                0.17341851259623298,
                0.2109185685675818,
                0.9619975971499677,
                0.025227959510896226
            ],
            [
                0.0,
                0.0,
                0.0,
                1.0
            ]
        ],
        [
            [
                0.9910630438640317,
                -0.12980573715104562,
                -0.030732941441279416,
                -0.10128270357477018
            ],
            [
                0.12017222131555312,
                0.968815505638949,
                -0.21669137790330686,
                -0.13371254253783202
            ],
            [
                0.057902334245219796,
                0.21106157072338297,
                0.975756287734152,
                -0.18582668351189896
            ],
            [
                0.0,
                0.0,
                0.0,
                1.0
            ]
        ],
        [
            [
                0.9988347593298212,
                -0.029900802315006247,
                0.03788225937635176,
                -0.022301569767479025
            ],
            [
                0.036242031027363175,
                0.9830633974467932,
                -0.1796465189960015,
                -0.1228767783357228
            ],
            [
                -0.03186908755439849,
                0.18081011758551574,
                0.9830015577999673,
                -0.06050054774906039
            ],
            [
                0.0,
                0.0,
                0.0,
                1.0
            ]
        ],
        [
            [
                0.9954046964817168,
                -0.028772349783751407,
                0.0913325906238492,
                -0.019455018453709547
            ],
            [
                0.0458100439595153,
                0.9806494699170688,
                -0.1903366938448776,
                -0.1330919254058838
            ],
            [
                -0.08408882264944276,
                0.19364598895740887,
                0.9774611505661687,
                -0.17858470922777933
            ],
            [
                0.0,
                0.0,
                0.0,
                1.0
            ]
        ],
        [
            [
                0.990651144297134,
                0.0046789335606674445,
                0.13633934825836003,
                -0.010954393569535101
            ],
            [
                0.013630496845536081,
                0.991015580877657,
                -0.13305009587919392,
                -0.11426960392229848
            ],
            [
                -0.13573695096959906,
                0.13366460278792502,
                0.9816869430236002,
                -0.16940006268943894
            ],
            [
                0.0,
                0.0,
                0.0,
                1.0
            ]
        ],
        [
            [
                0.9952353575767986,
                -0.047270810431768936,
                0.08527633616723171,
                0.05889856994903221
            ],
            [
                0.06349804325173537,
                0.9779469533694847,
                -0.1989667180674774,
                -0.13337727178747172
            ],
            [
                -0.07399041513725728,
                0.20343359328406424,
                0.9762889897931606,
                -0.11475465667961512
            ],
            [
                0.0,
                0.0,
                0.0,
                1.0
            ]
        ],
        [
            [
                0.9971697783127903,
                -0.07440947269611788,
                -0.010754700958442647,
                -0.09935905082113214
            ],
            [
                0.07122700143513612,
                0.9807777301190203,
                -0.18166386093315623,
                -0.13161692960684243
            ],
            [
                0.02406548329410727,
                0.1803836868335594,
                0.9833018753354195,
                -0.13641784259095394
            ],
            [
                0.0,
                0.0,
                0.0,
                1.0
            ]
        ],
        [
            [
                0.9962981534193741,
                -0.043693264364962806,
                0.07403302062106848,
                -0.055584423828850774
            ],
            [
                0.05788266563118166,
                0.9776863599344806,
                -0.20193805638733253,
                -0.13949356878676122
            ],
            [
                -0.0635577415628883,
                0.2054757412620721,
                0.9765961976376044,
                -0.1775654946655584
            ],
            [
                0.0,
                0.0,
                0.0,
                1.0
            ]
        ],
        [
            [
                0.9963793793370731,
                -0.07837908507122102,
                0.03293708328415342,
                -0.051216207984406015
            ],
            [
                0.08278640412530115,
                0.9826418097306867,
                -0.16601652044661963,
                -0.12170812021687481
            ],
            [
                -0.01935313214627718,
                0.16814218028977404,
                0.9855727591017973,
                -0.15096671356578537
            ],
            [
                0.0,
                0.0,
                0.0,
                1.0
            ]
        ],
        [
            [
                0.9976350450335081,
                -0.04919783516566801,
                0.047998853486309195,
                -0.058240431168825935
            ],
            [
                0.05665173829946869,
                0.9840041831387487,
                -0.1688974485097096,
                -0.12356825922295356
            ],
            [
                -0.038921683784709615,
                0.17121723213640963,
                0.9844642004414935,
                -0.16335895279765245
            ],
            [
                0.0,
                0.0,
                0.0,
                1.0
            ]
        ],
        [
            [
                0.9958574374633509,
                -0.051052261114184434,
                0.07524380960621187,
                0.0017983409922278882
            ],
            [
                0.06381344525227309,
                0.9818919160400974,
                -0.17837070785345535,
                -0.1303541731998155
            ],
            [
                -0.06477506043194307,
                0.18243336276634473,
                0.9810821880432855,
                -0.10228984458991656
            ],
            [
                0.0,
                0.0,
                0.0,
                1.0
            ]
        ],
        [
            [
                0.994905500468724,
                -0.030273656315941904,
                0.09615898746524539,
                -0.014207665238347461
            ],
            [
                0.04771206992668348,
                0.9816554110292968,
                -0.18459743329801356,
                -0.13224714807141558
            ],
            [
                -0.08880655111188726,
                0.18824494609462292,
                0.9780987868050155,
                -0.1028806028148248
            ],
            [
                0.0,
                0.0,
                0.0,
                1.0
            ]
        ],
        [
            [
                0.9972697198134951,
                -0.06818842419593069,
                -0.028345100966316112,
                -0.024435715361365466
            ],
            [
                0.061477419416615955,
                0.9792955917501933,
                -0.19287475438872614,
                -0.1374737639190104
            ],
            [
                0.04091005799297197,
                0.19060556860782912,
                0.9808138887529568,
                -0.05907421678504382
            ],
            [
                0.0,
                0.0,
                0.0,
                1.0
            ]
        ],
        [
            [
                0.9754764254547803,
                -0.0655449125545231,
                -0.2101180806598628,
                -0.1576618761122138
            ],
            [
                0.02231586132759816,
                0.9791638709504266,
                -0.2018418097386764,
                -0.14279425446193608
            ],
            [
                0.21896973698475336,
                0.19220296112078147,
                0.9566139639484841,
                -0.049249619835706186
            ],
            [
                0.0,
                0.0,
                0.0,
                1.0
            ]
        ],
        [
            [
                0.9846024684014356,
                -0.016170602685775474,
                0.17405887172614232,
                0.10131012451544075
            ],
            [
                0.05321329482652702,
                0.9761827896125042,
                -0.2103223871062112,
                -0.15229065512487655
            ],
            [
                -0.16651223520061217,
                0.2163461875631938,
                0.9620124753117126,
                0.03850141326828983
            ],
            [
                0.0,
                0.0,
                0.0,
                1.0
            ]
        ],
        [
            [
                0.927361585554128,
                -0.14740078527530337,
                -0.3439091422727208,
                -0.312974031148543
            ],
            [
                0.08390767982698687,
                0.9776507846631138,
                -0.19276525753789348,
                -0.14420326652629914
            ],
            [
                0.36463679313062547,
                0.14990647667069748,
                0.9190038396805482,
                -0.18298637739262755
            ],
            [
                0.0,
                0.0,
                0.0,
                1.0
            ]
        ],
        [
            [
                0.9414825022835012,
                -0.2200592741939228,
                0.25531277628673643,
                0.24118179170833431
            ],
            [
                0.28527124600577797,
                0.9236749232784836,
                -0.255822110672237,
                -0.20505595417263944
            ],
            [
                -0.17952998105137785,
                0.31368543470765614,
                0.932400361409175,
                -0.16160643143210107
            ],
            [
                0.0,
                0.0,
                0.0,
                1.0
            ]
        ],
        [
            [
                0.9907943557651473,
                -0.04255814232035409,
                0.1285120582131006,
                -0.011672659536876752
            ],
            [
                0.06492064405444532,
                0.982391557733842,
                -0.17519171575400375,
                -0.1400942546102837
            ],
            [
                -0.11879332708314423,
                0.1819220487338357,
                0.9761109125632194,
                -0.18268650744673415
            ],
            [
                0.0,
                0.0,
                0.0,
                1.0
            ]
        ],
        [
            [
                0.9996610377395548,
                -0.007869975223763613,
                0.024816790998313156,
                -0.06863897188781262
            ],
            [
                0.012141985606528056,
                0.9841346273259719,
                -0.17700736561934863,
                -0.13599040133921209
            ],
            [
                -0.023030019778703514,
                0.1772486919216847,
                0.983896599954001,
                -0.059975151965914006
            ],
            [
                0.0,
                0.0,
                0.0,
                1.0
            ]
        ],
        [
            [
                0.9944983941730428,
                -0.015774204046737298,
                0.10355731975062477,
                0.08147919080703371
            ],
            [
                0.03855497636224709,
                0.9743192369319296,
                -0.2218457534912208,
                -0.17617069810596217
            ],
            [
                -0.09739844857567198,
                0.2246178956162506,
                0.9695670906048631,
                0.09766931881756004
            ],
            [
                0.0,
                0.0,
                0.0,
                1.0
            ]
        ],
        [
            [
                0.9542882509616846,
                0.048675428108996895,
                0.29489767170137826,
                0.336442530002872
            ],
            [
                0.017473702221122944,
                0.9758767416236064,
                -0.21762181620595952,
                -0.17872499734661013
            ],
            [
                -0.29837661404201166,
                0.2128268964593025,
                0.9304171689819173,
                -0.16010685773206337
            ],
            [
                0.0,
                0.0,
                0.0,
                1.0
            ]
        ],
        [
            [
                0.9844806528131934,
                0.04024166638528503,
                0.17081701473519278,
                0.21961158164115463
            ],
            [
                -0.006732177756716047,
                0.981297888237087,
                -0.1923775774982261,
                -0.1673947379266672
            ],
            [
                -0.1753639701283008,
                0.18824203257500557,
                0.9663396996671878,
                -0.16808848017105268
            ],
            [
                0.0,
                0.0,
                0.0,
                1.0
            ]
        ],
        [
            [
                0.9895822919448334,
                0.03464808295498951,
                -0.13973688781690785,
                -0.10481788954514999
            ],
            [
                -0.04137267723974688,
                0.9981068589436564,
                -0.04550823779982096,
                -0.0743385513181931
            ],
            [
                0.13789557297907226,
                0.050815435422452954,
                0.9891423570323942,
                0.07205684766522173
            ],
            [
                0.0,
                0.0,
                0.0,
                1.0
            ]
        ],
        [
            [
                0.944102783533328,
                0.10799861646699409,
                0.3114582363108056,
                0.3481423404188082
            ],
            [
                -0.04331276032557835,
                0.9772597144033678,
                -0.20757518010885942,
                -0.18667586509449904
            ],
            [
                -0.32679341933031875,
                0.18248218939244876,
                0.9273113347937342,
                -0.17277802382699609
            ],
            [
                0.0,
                0.0,
                0.0,
                1.0
            ]
        ],
        [
            [
                0.9952022164376815,
                -0.027171223112662832,
                -0.09399081355158559,
                -0.1625199615047897
            ],
            [
                0.0074856110109593095,
                0.9789940223607014,
                -0.20375149032536247,
                -0.15903268494806294
            ],
            [
                0.09755262182698961,
                0.2020703561054308,
                0.9745004141395245,
                0.05370534817454273
            ],
            [
                0.0,
                0.0,
                0.0,
                1.0
            ]
        ],
        [
            [
                0.9874513675230034,
                -0.0874757524986469,
                -0.13148303883674733,
                -0.1138254567724542
            ],
            [
                0.05454667430947391,
                0.970254966725079,
                -0.2358600429642394,
                -0.1805995318214367
            ],
            [
                0.1482041062141206,
                0.22572835947242478,
                0.9628511051201847,
                -0.0765337355497337
            ],
            [
                0.0,
                0.0,
                0.0,
                1.0
            ]
        ],
        [
            [
                0.9954940032661981,
                0.011453093504274259,
                0.09413031451250353,
                0.01033474285937998
            ],
            [
                0.007816500680240987,
                0.9793893857439544,
                -0.20182996162412364,
                -0.16137957902039407
            ],
            [
                -0.09450180833273113,
                0.2016562861436801,
                0.9748867372575035,
                -0.004924627387227989
            ],
            [
                0.0,
                0.0,
                0.0,
                1.0
            ]
        ],
        [
            [
                0.9977789260140428,
                -0.06554035368753466,
                -0.011902808104718596,
                -0.01641695934484556
            ],
            [
                0.06144787514470962,
                0.9745927069141462,
                -0.21539084072902764,
                -0.16597944810378332
            ],
            [
                0.02571718185309325,
                0.21418103946958053,
                0.9764553798762471,
                -0.07677583229980095
            ],
            [
                0.0,
                0.0,
                0.0,
                1.0
            ]
        ],
        [
            [
                0.9978807913083878,
                0.017198915747020996,
                -0.06275447103491738,
                -0.03612429364907928
            ],
            [
                -0.03479701840238202,
                0.9559946642864958,
                -0.29131318089996494,
                -0.2903790174732262
            ],
            [
                0.05498266861520721,
                0.29287949595845436,
                0.9545671830725546,
                -0.11963348771846957
            ],
            [
                0.0,
                0.0,
                0.0,
                1.0
            ]
        ],
        [
            [
                0.9825310413784407,
                0.03622618860984966,
                0.18253880679625717,
                0.22457818225343007
            ],
            [
                0.005745971674724282,
                0.9744975622963504,
                -0.22432450799674977,
                -0.19124445087150221
            ],
            [
                -0.1860100441839392,
                0.22145465526214222,
                0.9572659500501486,
                -0.08516917639490577
            ],
            [
                0.0,
                0.0,
                0.0,
                1.0
            ]
        ],
        [
            [
                0.9367967618013308,
                0.14003132172726612,
                0.32062915652488244,
                0.2816154410456096
            ],
            [
                -0.06151242254680942,
                0.9680576366824711,
                -0.2430650816821948,
                -0.22941478140042632
            ],
            [
                -0.344424228170676,
                0.2079799052698699,
                0.9154869251130624,
                -0.20746178548332664
            ],
            [
                0.0,
                0.0,
                0.0,
                1.0
            ]
        ],
        [
            [
                0.9709858021362247,
                -0.07504050353157275,
                -0.2270583512659209,
                -0.2660803260418386
            ],
            [
                0.02865799725932773,
                0.9791615245162111,
                -0.20105080974761977,
                -0.16887817916022632
            ],
            [
                0.23741375537856826,
                0.1887104441646439,
                0.9529024488478494,
                -0.15927698039402358
            ],
            [
                0.0,
                0.0,
                0.0,
                1.0
            ]
        ],
        [
            [
                0.9402969591273028,
                0.1010389950430825,
                0.3250119230684165,
                0.25363323420648204
            ],
            [
                -0.021594046339589192,
                0.9707062664116557,
                -0.2392969734698465,
                -0.22150344756006607
            ],
            [
                -0.33966943609725897,
                0.2179918939544049,
                0.9149339912537641,
                -0.15194014761236685
            ],
            [
                0.0,
                0.0,
                0.0,
                1.0
            ]
        ],
        [
            [
                0.9825147130831255,
                0.03985747135231634,
                0.1818686904131191,
                0.21911900535248965
            ],
            [
                0.004180383535829955,
                0.9718485192869746,
                -0.2355694800970788,
                -0.21732059953865437
            ],
            [
                -0.1861380212871003,
                0.23221076102780833,
                0.9546888495704813,
                -0.046186445388384734
            ],
            [
                0.0,
                0.0,
                0.0,
                1.0
            ]
        ],
        [
            [
                0.9232823030905213,
                0.1413252470796687,
                0.35717917539763316,
                0.3525679580868678
            ],
            [
                -0.06525037148481856,
                0.9740475404141384,
                -0.21673434899494212,
                -0.20531490449777012
            ],
            [
                -0.37853953270557594,
                0.17680091501753809,
                0.9085423813053551,
                -0.10583827671732643
            ],
            [
                0.0,
                0.0,
                0.0,
                1.0
            ]
        ],
        [
            [
                0.9593234053839492,
                0.11677846051215703,
                0.25702411373828904,
                0.21936677251385098
            ],
            [
                -0.04483985254047671,
                0.9619057798215032,
                -0.26967880593427346,
                -0.24440517834069125
            ],
            [
                -0.2787256563481208,
                0.24718426710937297,
                0.9280150573061362,
                -0.1265504584225883
            ],
            [
                0.0,
                0.0,
                0.0,
                1.0
            ]
        ],
        [
            [
                0.9795422041803867,
                -0.11699971249979176,
                0.16373190741084914,
                0.21527705558130622
            ],
            [
                0.15971762476635606,
                0.9469610309371098,
                -0.2788459901549939,
                -0.21853524589864612
            ],
            [
                -0.12242283515922302,
                0.29929228717341083,
                0.9462752116958821,
                -0.13105435349709227
            ],
            [
                0.0,
                0.0,
                0.0,
                1.0
            ]
        ],
        [
            [
                0.9683581395040917,
                0.06609672030006986,
                0.2406527315900396,
                0.23220888791514047
            ],
            [
                -0.0035303520477988595,
                0.9678216652189922,
                -0.25161232272516976,
                -0.2336254457379059
            ],
            [
                -0.24953967674618782,
                0.24280125184667126,
                0.9374313317950799,
                -0.10186332318965607
            ],
            [
                0.0,
                0.0,
                0.0,
                1.0
            ]
        ],
        [
            [
                0.9278325339650095,
                0.11947551335442863,
                0.3533445777492092,
                0.3844060470096984
            ],
            [
                -0.039147614286315864,
                0.9732720593610155,
                -0.22629397420801667,
                -0.2155680183579065
            ],
            [
                -0.3709369935875371,
                0.1961303142705491,
                0.9077106623877317,
                -0.03974387738807709
            ],
            [
                0.0,
                0.0,
                0.0,
                1.0
            ]
        ],
        [
            [
                0.9852452802113788,
                -0.08918743592006563,
                0.14607306081275423,
                0.20468953025177206
            ],
            [
                0.1230589112267291,
                0.9623271129176144,
                -0.24245212333848895,
                -0.20236476747553922
            ],
            [
                -0.11894638367304136,
                0.2568504020196466,
                0.9591035547809486,
                -0.09320373599284344
            ],
            [
                0.0,
                0.0,
                0.0,
                1.0
            ]
        ],
        [
            [
                0.9353043237675955,
                0.12198505916018096,
                0.33215277702185275,
                0.3461590687604693
            ],
            [
                -0.03575554710135792,
                0.9664747292263888,
                -0.2542599823374911,
                -0.24701944255057862
            ],
            [
                -0.3520331842214936,
                0.2259341565776761,
                0.9083096355860205,
                -0.11356306101313064
            ],
            [
                0.0,
                0.0,
                0.0,
                1.0
            ]
        ],
        [
            [
                0.9818994622720812,
                -0.030559517659764644,
                0.18692127185047813,
                0.24463487724402963
            ],
            [
                0.07253936791758231,
                0.9723249876666349,
                -0.22208592585122314,
                -0.1937769588305244
            ],
            [
                -0.17496138457361238,
                0.23162520208189763,
                0.9569421506384828,
                -0.16597437855136
            ],
            [
                0.0,
                0.0,
                0.0,
                1.0
            ]
        ],
        [
            [
                0.9815764999358216,
                0.04867021381740671,
                0.1847668397216018,
                0.23212127443189712
            ],
            [
                -0.009091144549187104,
                0.9778148842338115,
                -0.20927351304358535,
                -0.19111418914550896
            ],
            [
                -0.19085315261877664,
                0.2037382204147907,
                0.9602425796004294,
                -0.17281598564806808
            ],
            [
                0.0,
                0.0,
                0.0,
                1.0
            ]
        ],
        [
            [
                0.9840515868032598,
                0.013515603632282328,
                0.17736911503540329,
                0.22962842007068088
            ],
            [
                0.024017406193740362,
                0.9778839161921475,
                -0.2077647964705138,
                -0.1877630556178461
            ],
            [
                -0.17625447146019294,
                0.2087112237306948,
                0.9619636096958782,
                -0.16174728981936684
            ],
            [
                0.0,
                0.0,
                0.0,
                1.0
            ]
        ],
        [
            [
                0.9923693170109408,
                -0.002727794023406629,
                0.1232708310793955,
                0.17101554927952886
            ],
            [
                0.029674447756490408,
                0.9756539197112345,
                -0.21729900161402413,
                -0.18146598922616416
            ],
            [
                -0.11967692261077868,
                0.21929885565563315,
                0.9682899597241228,
                0.009841422712370892
            ],
            [
                0.0,
                0.0,
                0.0,
                1.0
            ]
        ],
        [
            [
                0.8469572876645893,
                0.11696456469045373,
                0.5186353665906477,
                0.4593891345351396
            ],
            [
                0.003942151312675559,
                0.9740918211411503,
                -0.2261185163336828,
                -0.18127003229107994
            ],
            [
                -0.5316463225819121,
                0.19355726437592244,
                0.8245530747577372,
                -0.015013145626520844
            ],
            [
                0.0,
                0.0,
                0.0,
                1.0
            ]
        ],
        [
            [
                0.9111756385138414,
                0.05527657407076942,
                0.40829334569387155,
                0.3596799625112809
            ],
            [
                0.036824224170826966,
                0.9760682449833465,
                -0.21432395491252684,
                -0.16784504416929166
            ],
            [
                -0.41036926333865803,
                0.21032185215552102,
                0.8873340894008065,
                0.05429160821739106
            ],
            [
                0.0,
                0.0,
                0.0,
                1.0
            ]
        ],
        [
            [
                0.9938833072318566,
                0.04617762287367857,
                0.10031748975928464,
                0.13692870076837596
            ],
            [
                -0.025568199104005224,
                0.9799176180834993,
                -0.1977567418930137,
                -0.19098377868681807
            ],
            [
                -0.10743481186489687,
                0.1939821871082457,
                0.9751044417313748,
                -0.18175842834608097
            ],
            [
                0.0,
                0.0,
                0.0,
                1.0
            ]
        ],
        [
            [
                0.9949717376215803,
                -0.013687113715798923,
                0.09921645152102282,
                0.19871843825370347
            ],
            [
                0.03379859797993444,
                0.9783933395748389,
                -0.20397089951800465,
                -0.18111096624903386
            ],
            [
                -0.09428094244800202,
                0.20629865727562094,
                0.9739363264081454,
                -0.1256422822061618
            ],
            [
                0.0,
                0.0,
                0.0,
                1.0
            ]
        ],
        [
            [
                0.9760236365307071,
                0.07297088386591458,
                0.20506855205321253,
                0.2687876764532739
            ],
            [
                -0.030463611352745674,
                0.9786530641062752,
                -0.2032489815441829,
                -0.18960203185758218
            ],
            [
                -0.21552222464683987,
                0.19212868141749626,
                0.9574114791770844,
                -0.07984883215510634
            ],
            [
                0.0,
                0.0,
                0.0,
                1.0
            ]
        ],
        [
            [
                0.9868652436601192,
                0.13311065072160375,
                0.09153439528464616,
                0.09211245151050579
            ],
            [
                -0.1124391487460081,
                0.972818374818856,
                -0.2024397378087408,
                -0.22212113403003073
            ],
            [
                -0.11599322689246863,
                0.1894886916923274,
                0.9750074907588161,
                -0.24190070578381925
            ],
            [
                0.0,
                0.0,
                0.0,
                1.0
            ]
        ],
        [
            [
                0.961277407986892,
                0.163510494655558,
                0.22183341279324578,
                0.214845394129747
            ],
            [
                -0.12376231996652723,
                0.9753622267429894,
                -0.18262369725602753,
                -0.2025022672102217
            ],
            [
                -0.24622882254217682,
                0.14809741652187244,
                0.957830111329269,
                -0.15824805561383865
            ],
            [
                0.0,
                0.0,
                0.0,
                1.0
            ]
        ],
        [
            [
                0.9908592305508742,
                -0.06779762332261585,
                -0.11662532959839801,
                -0.21927062583718498
            ],
            [
                0.04209897204897339,
                0.9767636497163148,
                -0.21014387724910097,
                -0.19986450045452925
            ],
            [
                0.12816263802118794,
                0.203313194025056,
                0.9706894886372162,
                -0.06895403170248791
            ],
            [
                0.0,
                0.0,
                0.0,
                1.0
            ]
        ],
        [
            [
                0.996385369604696,
                -0.06345405908832462,
                -0.0564781163188797,
                -0.05576682061645114
            ],
            [
                0.05153028491153483,
                0.9800417966431773,
                -0.1919966316614627,
                -0.15585537836802926
            ],
            [
                0.06753388019838305,
                0.18839230137568438,
                0.9797691135199782,
                -0.05079015531807159
            ],
            [
                0.0,
                0.0,
                0.0,
                1.0
            ]
        ]
    ],
    "infos": [
        [
            [
                1148.5204344833833,
                -17.439552793175483,
                -95.15753140390507,
                0.0,
                1442.0251238847572,
