{
    "voxel_size": 0.02,
    "estimated_scale_factor": 0.42108428478240967,
    "transformations": [
        [
            [
                0.9942153068230374,
                -0.022175644714226145,
                0.10509121971070237,
                0.1395631223710333
            ],
            [
                0.0429226309848911,
                0.9789580528373899,
                -0.19949631208160576,
                -0.17034377362578904
            ],
            [
                -0.09845593647977552,
                0.2028530787696727,
                0.9742469178835289,
                -0.1254520601519688
            ],
            [
                0.0,
                0.0,
                0.0,
                1.0
            ]
        ],
        [
            [
                0.9957828802111149,
                -0.03546173303564787,
                0.08461040697553017,
                0.12108001545760982
            ],
            [
                0.050431498776462476,
                0.9820135516563648,
                -0.18195067544368443,
                -0.1538369768948615
            ],
            [
                -0.07663627998289106,
                0.18545039728553245,
                0.9796606712209188,
                -0.11121084667414192
            ],
            [
                0.0,
                0.0,
                0.0,
                1.0
            ]
        ],
        [
            [
                0.8882070057893892,
                0.07272157919802323,
                0.4536517241073726,
                0.34315124159394755
            ],
            [
                0.0061123332948828405,
                0.985436244388943,
                -0.1699354219293593,
                -0.15334759075879878
            ],
            [
                -0.4594028235093231,
                0.15371070282697563,
                0.874826877495256,
                -0.20295702317862496
            ],
            [
                0.0,
                0.0,
                0.0,
                1.0
            ]
        ],
        [
            [
                0.9823097980609321,
                0.00484745158138545,
                0.18720032811578532,
                0.2198038480626751
            ],
            [
                0.02607527008472842,
                0.9863855876950721,
                -0.16236857047302938,
                -0.14206378605825673
            ],
            [
                -0.18543877944890613,
                0.1643775367883726,
                0.9688098288497528,
                -0.19862740479028493
            ],
            [
                0.0,
                0.0,
                0.0,
                1.0
            ]
        ],
        [
            [
                0.982090129525851,
                -0.02429009806047078,
                0.18683941935285295,
                0.21109997213393242
            ],
            [
                0.05682684899684962,
                0.9836622246351706,
                -0.17081960384825767,
                -0.13636405394084897
            ],
            [
                -0.17963765396204592,
                0.1783777423391135,
                0.967425291336242,
                -0.2742667464098985
            ],
            [
                0.0,
                0.0,
                0.0,
                1.0
            ]
        ],
        [
            [
                0.9956049885574613,
                -0.024403033564626673,
                0.09041680547519794,
                0.13198334282229135
            ],
            [
                0.04373523784224609,
                0.9748629958082375,
                -0.21847052060786346,
                -0.184744990010465
            ],
            [
                -0.08281265440968691,
                0.22146474066232855,
                0.9716457342637743,
                -0.022037597067564706
            ],
            [
                0.0,
                0.0,
                0.0,
                1.0
            ]
        ],
        [
            [
                0.985184164927195,
                -0.01550319651900878,
                0.17079757631300915,
                0.1986977219701212
            ],
            [
                0.045623883499574455,
                0.9837104586480926,
                -0.1738740774260993,
                -0.14523998357441342
            ],
            [
                -0.1653197581389545,
                0.17909043649523268,
                0.9698432827652234,
                -0.23196427106696074
            ],
            [
                0.0,
                0.0,
                0.0,
                1.0
            ]
        ],
        [
            [
                0.9859278585611414,
                -0.013024667261652466,
                0.1666631805641689,
                0.1882047381924193
            ],
            [
                0.04160396807064988,
                0.9847098547987999,
                -0.16916149592298546,
                -0.1392757499565863
            ],
            [
                -0.16191160413576877,
                0.173714881069093,
                0.9713947562867183,
                -0.22769363154143002
            ],
            [
                0.0,
                0.0,
                0.0,
                1.0
            ]
        ],
        [
            [
                0.9990799299372546,
                -0.03749375201502383,
                -0.020820954742936618,
                -0.04848294002128756
            ],
            [
                0.03405821342931359,
                0.9886798463312614,
                -0.14612391849521822,
                -0.13616687051910512
            ],
            [
                0.026063992299240096,
                0.14528034973192278,
                0.9890471618114054,
                -0.42665279126177436
            ],
            [
                0.0,
                0.0,
                0.0,
                1.0
            ]
        ],
        [
            [
                0.9845536335323537,
                -0.013771204452151159,
                0.1745408165048395,
                0.1919429040556489
            ],
            [
                0.04298960164460828,
                0.9853982022238282,
                -0.1647491341539798,
                -0.13538764188243788
            ],
            [
                -0.16972341278879854,
                0.1697077988248778,
                0.9707693990692832,
                -0.24668753510128016
            ],
            [
                0.0,
                0.0,
                0.0,
                1.0
            ]
        ],
        [
            [
                0.9807993936738985,
                0.000164102624405131,
                0.19501928735189672,
                0.2028795167719625
            ],
            [
                0.029304295917555873,
                0.9885216153933708,
                -0.148210236289049,
                -0.1260795386112498
            ],
            [
                -0.19280510265469974,
                0.15107941279475548,
                0.9695365920994946,
                -0.280477279260048
            ],
            [
                0.0,
                0.0,
                0.0,
                1.0
            ]
        ],
        [
            [
                0.9835954116043822,
                0.0018485894221074886,
                0.180379181137831,
                0.19366588168193954
            ],
            [
                0.02564189350390985,
                0.9883606224683855,
                -0.14995257000611661,
                -0.13057061332432657
            ],
            [
                -0.17855688048445548,
                0.15211792356935988,
                0.9720995719372613,
                -0.2463176047803673
            ],
            [
                0.0,
                0.0,
                0.0,
                1.0
            ]
        ],
        [
            [
                0.9852549353115653,
                -0.007917806714593545,
                0.17090939348389783,
                0.206014352078092
            ],
            [
                0.035873110429404845,
                0.9862845354301536,
                -0.16110845762853576,
                -0.13331051565911886
            ],
            [
                -0.16728966612532642,
                0.1648639545448195,
                0.9720257425086642,
                -0.17356222241980554
            ],
            [
                0.0,
                0.0,
                0.0,
                1.0
            ]
        ],
        [
            [
                0.9984942515521338,
                -0.04150688412805196,
                0.0358665329705265,
                0.07795548347024792
            ],
            [
                0.04745804114631656,
                0.981535090194749,
                -0.1853013789666474,
                -0.15225890360619057
            ],
            [
                -0.0275129778086618,
                0.1867245171003718,
                0.9820269806709656,
                -0.06808319915107537
            ],
            [
                0.0,
                0.0,
                0.0,
                1.0
            ]
        ],
        [
            [
                0.9796032520180348,
                0.0179917404610096,
                0.20013436963918668,
                0.22622103572801036
            ],
            [
                0.014860919961055418,
                0.9867691540905774,
                -0.16144903094561028,
                -0.1401883533689285
            ],
            [
                -0.20039117169576623,
                0.16113017659814446,
                0.9663748985232639,
                -0.21974241369744574
            ],
            [
                0.0,
                0.0,
                0.0,
                1.0
            ]
        ],
        [
            [
                0.9974739882824228,
                -0.042858751325350664,
                0.05664600722724385,
                0.0914236309232733
            ],
            [
                0.05278045850512195,
                0.9808920853173044,
                -0.18725634878919162,
                -0.14760685129679466
            ],
            [
                -0.04753804686718131,
                0.18977313929189768,
                0.9806764449620231,
                -0.1003264424421769
            ],
            [
                0.0,
                0.0,
                0.0,
                1.0
            ]
        ],
        [
            [
                0.9983597617951913,
                -0.03374361139154708,
                0.04625099694606395,
                0.08524135702189309
            ],
            [
                0.041338144325276806,
                0.9837760787667196,
                -0.17457314991177697,
                -0.14419471918271906
            ],
            [
                -0.03960989588462902,
                0.17619873874870237,
                0.9835573499351097,
                -0.07532714335489453
            ],
            [
                0.0,
                0.0,
                0.0,
                1.0
            ]
        ],
        [
            [
                0.9853213527900442,
                -0.0003227110876275923,
                0.1707094830217455,
                0.20247833126774284
            ],
            [
                0.03060229146714085,
                0.9841329735278402,
                -0.17477353967981116,
                -0.14764430988671431
            ],
            [
                -0.1679444297765122,
                0.17743220190485226,
                0.9696971085005037,
                -0.18917685296815007
            ],
            [
                0.0,
                0.0,
                0.0,
                1.0
            ]
        ],
        [
            [
                0.9987160978988583,
                -0.030514291570383215,
                0.040435551283933814,
                0.08147661539507045
            ],
            [
                0.03694406544912014,
                0.984880557776461,
                -0.1692495877159434,
                -0.13777428922223067
            ],
            [
                -0.034659657034788016,
                0.17052614146776246,
                0.984743389543869,
                -0.07289714277552231
            ],
            [
                0.0,
                0.0,
                0.0,
                1.0
            ]
        ],
        [
            [
                0.9973335330346617,
                -0.04827758487447362,
                0.05472749476531135,
                0.09358783734264074
            ],
            [
                0.057548244465272146,
                0.9814322976193873,
                -0.18297225130739447,
                -0.14703132573046032
            ],
            [
                -0.04487787253830621,
                0.1856338330914357,
                0.9815936310756184,
                -0.0939592367268901
            ],
            [
                0.0,
                0.0,
                0.0,
                1.0
            ]
        ],
        [
            [
                0.9831307577013801,
                0.01975833201551706,
                0.18183377457853134,
                0.1966018600934151
            ],
            [
                0.010783048604278934,
                0.9861577690888174,
                -0.1654586967450337,
                -0.14366873408025274
            ],
            [
                -0.1825859773485064,
                0.1646282563284075,
                0.9693089796829273,
                -0.21991759939549332
            ],
            [
                0.0,
                0.0,
                0.0,
                1.0
            ]
        ],
        [
            [
                0.9974851317505763,
                -0.028347861973721925,
                0.06496006972021083,
                0.09405934809954458
            ],
            [
                0.0392194341858614,
                0.9841862641545324,
                -0.17274036422239294,
                -0.14203741773451026
            ],
            [
                -0.05903598833488545,
                0.17485364214411706,
                0.9828229524742796,
                -0.08906052402073124
            ],
            [
                0.0,
                0.0,
                0.0,
                1.0
            ]
        ],
        [
            [
                0.998512563733578,
                -0.04879339980510479,
                0.02432825932235171,
                0.06473415220810952
            ],
            [
                0.052437925091911065,
                0.9816310390713893,
                -0.18344145426723912,
                -0.14557325565665163
            ],
            [
                -0.014930642258507062,
                0.18444432023535906,
                0.9827295501075892,
                -0.02606838821257281
            ],
            [
                0.0,
                0.0,
                0.0,
                1.0
            ]
        ],
        [
            [
                0.9976191040931306,
                -0.026320248983098656,
                0.06374454989948479,
                0.09065161394440945
            ],
            [
                0.036812611180059955,
                0.9848454215089691,
                -0.1694825282762983,
                -0.1347822531587876
            ],
            [
                -0.058317705772140425,
                0.17142561134873696,
                0.9834695241679767,
                -0.0853510201560139
            ],
            [
                0.0,
                0.0,
                0.0,
                1.0
            ]
        ],
        [
            [
                0.9896795313288764,
                -0.0003933120678844749,
                0.14329783869365614,
                0.15679631522029067
            ],
            [
                0.02523479069761581,
                0.9848469950338047,
                -0.17157972406823643,
                -0.14472182139122225
            ],
            [
                -0.14105896145620592,
                0.17342503186824512,
                0.9746928376234204,
                -0.203604706583281
            ],
            [
                0.0,
                0.0,
                0.0,
                1.0
            ]
        ],
        [
            [
                0.9850725061538236,
                0.020753914756474662,
                0.17088426680682306,
                0.18107524694086916
            ],
            [
                0.008116916775628792,
                0.9860012198904622,
                -0.16654041562509148,
                -0.14447489820211123
            ],
            [
                -0.17194846112100573,
                0.16544143796764382,
                0.9711142349493789,
                -0.2168382687884647
            ],
            [
                0.0,
                0.0,
                0.0,
                1.0
            ]
        ],
        [
            [
                0.9907242624889789,
                0.0025107146419259484,
                0.13586438837184606,
                0.1556616740470183
            ],
            [
                0.02082482427873971,
                0.9852134520061796,
                -0.1700611086634027,
                -0.14318860563906258
            ],
            [
                -0.13428239798807817,
                0.17131301847218983,
                0.9760225854418113,
                -0.1777238565348846
            ],
            [
                0.0,
                0.0,
                0.0,
                1.0
            ]
        ],
        [
            [
                0.9988096328387011,
                -0.027903250303612136,
                0.04000907360976098,
                0.07237485707020871
            ],
            [
                0.03406506382906698,
                0.9860873823338383,
                -0.16269986425415486,
                -0.1314935481422472
            ],
            [
                -0.03491258762880362,
                0.16386910332485718,
                0.985864102298369,
                -0.06490324573563958
            ],
            [
                0.0,
                0.0,
                0.0,
                1.0
            ]
        ],
        [
            [
                0.9853356102435089,
                0.01982036540189097,
                0.1694723821198825,
                0.19519648594268138
            ],
            [
                0.008017439294456244,
                0.9867550979172967,
                -0.16201881804711787,
                -0.13887043296483165
            ],
            [
                -0.17043900918865876,
                0.16100164548712198,
                0.9721260279908299,
                -0.17609780515276355
            ],
            [
                0.0,
                0.0,
                0.0,
                1.0
            ]
        ],
        [
            [
                0.9972446048406464,
                -0.03410994208428386,
                0.06587647506682881,
                0.09438153133661785
            ],
            [
                0.04488580001540016,
                0.9844656721578836,
                -0.1697427621423172,
                -0.13603291052574898
            ],
            [
                -0.05906321252015692,
                0.17223197204274399,
                0.9832841322492023,
                -0.09639764197690717
            ],
            [
                0.0,
                0.0,
                0.0,
                1.0
            ]
        ],
        [
            [
                0.9910214701286263,
                -0.0231663010574821,
                0.13168055376330662,
                0.14507942842596747
            ],
            [
                0.04742254544519104,
                0.981747298887533,
                -0.18418290721598315,
                -0.1489878652212532
            ],
            [
                -0.12501019129493293,
                0.18877384252683602,
                0.9740312564030255,
                -0.1964167881718696
            ],
            [
                0.0,
                0.0,
                0.0,
                1.0
            ]
        ],
        [
            [
                0.985309981181174,
                0.004868961672358751,
                0.17070598758388078,
                0.18667882378686715
            ],
            [
                0.024625762824788035,
                0.9850954683084574,
                -0.17023657105168935,
                -0.13918536730310258
            ],
            [
                -0.16899057012168525,
                0.1719395577822994,
                0.9705044954453205,
                -0.18441224063820286
            ],
            [
                0.0,
                0.0,
                0.0,
                1.0
            ]
        ],
        [
            [
                0.9868395704128473,
                0.03291282092823059,
                0.1583174295077195,
                0.14108314013816312
            ],
            [
                -0.007106027976913389,
                0.9869477573198873,
                -0.1608838981614929,
                -0.14414172916158952
            ],
            [
                -0.16154617492771778,
                0.15764158886471705,
                0.9741929802797958,
                -0.16841962768165764
            ],
            [
                0.0,
                0.0,
                0.0,
                1.0
            ]
        ],
        [
            [
                0.9858494066743814,
                0.00115529232209278,
                0.16762939079833541,
                0.18976948803251353
            ],
            [
                0.02811298388050733,
                0.9846743503474245,
                -0.17212229345791544,
                -0.14173849238663933
            ],
            [
                -0.16525921304757824,
                0.17439922324233267,
                0.9707081453430612,
                -0.1544671987495037
            ],
            [
                0.0,
                0.0,
                0.0,
                1.0
            ]
        ],
        [
            [
                0.9808783809751069,
                0.004477416641782441,
                0.194570178793844,
                0.23163964078741797
            ],
            [
                0.028139614828796573,
                0.9859676101130657,
                -0.16454796834120405,
                -0.13183433396120298
            ],
            [
                -0.19257664399646043,
                0.16687667466769215,
                0.9669883203218709,
                -0.1407328853887108
            ],
            [
                0.0,
                0.0,
                0.0,
                1.0
            ]
        ],
        [
            [
                0.9986548141477426,
                -0.03476766900223504,
                0.03846779655360918,
                0.031376148949931175
            ],
            [
                0.040593581591279244,
                0.9858154642952243,
                -0.1628497205707867,
                -0.12896763788857699
            ],
            [
                -0.03226024353799891,
                0.16419220306866647,
                0.9859007034880986,
                -0.03359083974838963
            ],
            [
                0.0,
                0.0,
                0.0,
                1.0
            ]
        ],
        [
            [
                0.9861284022805469,
                0.009818009286414766,
                0.16569363569331147,
                0.19109833313792332
            ],
            [
                0.017291559275499954,
                0.9867409541490852,
                -0.1613793400122068,
                -0.13298176071515058
            ],
            [
                -0.16508112003932418,
                0.16200585205049056,
                0.9728835118902757,
                -0.15367371847122893
            ],
            [
                0.0,
                0.0,
                0.0,
                1.0
            ]
        ],
        [
            [
                0.9884031739640258,
                -0.06559502708463139,
                -0.13695421906464003,
                -0.14177024220396137
            ],
            [
                0.04304113595368148,
                0.9859200917877822,
                -0.16158289892494096,
                -0.1378355433663096
            ],
            [
                0.14562495086232885,
                0.1538143849935287,
                0.9773098324765832,
                -0.1637515614024451
            ],
            [
                0.0,
                0.0,
                0.0,
                1.0
            ]
        ],
        [
            [
                0.9886104587950709,
                -0.0807560730588742,
                -0.12699534410800176,
                -0.07991616339454802
            ],
            [
                0.05738935642487225,
                0.9823679900890924,
                -0.17793143010007065,
                -0.13938256359022652
            ],
            [
                0.13912520451068144,
                0.16861669167798043,
                0.9758138084478171,
                -0.024270620605964938
            ],
            [
                0.0,
                0.0,
                0.0,
                1.0
            ]
        ],
        [
            [
                0.9736611962249918,
                0.16966937662919174,
                0.15230291395761084,
                0.11394300708732329
            ],
            [
                -0.15241331198842822,
                0.9811656252085084,
                -0.11867686479645102,
                -0.14778964078451418
            ],
            [
                -0.16957021346461748,
                0.09233806660017596,
                0.9811827679704253,
                -0.18588532102216593
            ],
            [
                0.0,
                0.0,
                0.0,
                1.0
            ]
        ],
        [
            [
                0.9827297056422011,
                -0.053000159628015964,
                -0.1772944125679043,
                -0.2088140664157718
            ],
            [
                0.025441973657297477,
                0.9877057137494921,
                -0.1542404908026099,
                -0.14805069317733152
            ],
            [
                0.18328947494282063,
                0.14706599235041862,
                0.9719961739992453,
                -0.32568290694164864
            ],
            [
                0.0,
                0.0,
                0.0,
                1.0
            ]
        ],
        [
            [
                0.9884891055131132,
                -0.002310107478265025,
                0.1512744250867424,
                0.1801670373690651
            ],
            [
                0.02799107032086794,
                0.9854139034550883,
                -0.16785689994664457,
                -0.1335389684831113
            ],
            [
                -0.14868015423780606,
                0.1701590499528146,
                0.9741355703673789,
                -0.12499159405225611
            ],
            [
                0.0,
                0.0,
                0.0,
                1.0
            ]
        ],
        [
            [
                0.9593293781698499,
                -0.09285536875223406,
                -0.2665802405920872,
                -0.15192564740579884
            ],
            [
                0.04330635697554717,
                0.9815833207081291,
                -0.18606112961365123,
                -0.1425224809078843
            ],
            [
                0.27894749259628593,
                0.16694928871213574,
                0.9456829444231076,
                0.06698024075769908
            ],
            [
                0.0,
                0.0,
                0.0,
                1.0
            ]
        ],
        [
            [
                0.986072685671065,
                -0.09860920240274529,
                -0.13392865180739782,
                -0.06539711374080102
            ],
            [
                0.07073425831208402,
                0.9774645856752907,
                -0.19889607450040397,
                -0.15043770723001956
            ],
            [
                0.15052349741649013,
                0.18665264249971192,
                0.9708261779398937,
                -0.005210599892260245
            ],
            [
                0.0,
                0.0,
                0.0,
                1.0
            ]
        ],
        [
            [
                0.9967651587407883,
                -0.0420804010609128,
                -0.06847231679302236,
                -0.0949787202188079
            ],
            [
                0.02980683314121284,
                0.9847685922127521,
                -0.17129615433338263,
                -0.1426473187242171
            ],
            [
                0.07463759788835106,
                0.16870109554435894,
                0.9828373056328246,
                -0.12767348706017387
            ],
            [
                0.0,
                0.0,
                0.0,
                1.0
            ]
        ],
        [
            [
                0.9836759762487304,
                -0.0786133275459021,
                -0.16186883110490477,
                -0.11981557211500286
            ],
            [
                0.045938630439281196,
                0.9794269956743613,
                -0.19650038772902484,
                -0.15617390503119266
            ],
            [
                0.17398625228583603,
                0.18585667832083583,
                0.9670501947360715,
                -0.005882583678742084
            ],
            [
                0.0,
                0.0,
                0.0,
                1.0
            ]
        ],
        [
            [
                0.9895932209238666,
                -0.07232555928420205,
                -0.12439562120812078,
                -0.15539745600155558
            ],
            [
                0.05068210038442621,
                0.9842952856088268,
                -0.16909794625855765,
                -0.13806449700291637
            ],
            [
                0.13467212704249482,
                0.161033549928164,
                0.9777175532818172,
                -0.13964254155395092
            ],
            [
                0.0,
                0.0,
                0.0,
                1.0
            ]
        ],
        [
            [
                0.9834429675205926,
                -0.06822652873845814,
                -0.16788409814687683,
                -0.1986027345746157
            ],
            [
                0.0386104182054442,
                0.984036412400657,
                -0.17372845096771963,
                -0.13789078348039557
            ],
            [
                0.1770569547922095,
                0.16436994812295555,
                0.970377944366919,
                -0.09039007048208085
            ],
            [
                0.0,
                0.0,
                0.0,
                1.0
            ]
        ],
        [
            [
                0.9877060166594199,
                -0.07685009793517905,
                -0.13612820098031003,
                -0.15944421436232176
            ],
            [
                0.05030400775547109,
                0.9807488199585436,
                -0.18868295883216485,
                -0.14587244912922984
            ],
            [
                0.14800787633946985,
                0.1795154996017792,
                0.9725573782272211,
                -0.12793607892203562
            ],
            [
                0.0,
                0.0,
                0.0,
                1.0
            ]
        ],
        [
            [
                0.9975419792480561,
                -0.04484396641885783,
                -0.05384253257133661,
                -0.12263408179178484
            ],
            [
                0.034644535475910884,
                0.9835454722493991,
                -0.17730781195244671,
                -0.1402247812828228
            ],
            [
                0.06090776468997576,
                0.17500663614140521,
                0.9826814954536088,
                -0.06298731058177326
            ],
            [
                0.0,
                0.0,
                0.0,
                1.0
            ]
        ],
        [
            [
                0.998209677712656,
                -0.05771303393493984,
                -0.015704936638508804,
                -0.03665550659449311
            ],
            [
                0.054040949304107515,
                0.9827803611994262,
                -0.17669843643630842,
                -0.13423818455692832
            ],
            [
                0.02563230616050728,
                0.17553337960271187,
                0.984139734756271,
                -0.10349964549258907
            ],
            [
                0.0,
                0.0,
                0.0,
                1.0
            ]
        ],
        [
            [
                0.995016029442427,
                -0.06162906865214004,
                -0.07838978919283042,
                -0.09951589097536226
            ],
            [
                0.0481203509144215,
                0.9853125956523527,
                -0.16383992394009306,
                -0.12914754505504658
            ],
            [
                0.0873357485826938,
                0.15925120641895396,
                0.9833674390956862,
                -0.15712556024583277
            ],
            [
                0.0,
                0.0,
                0.0,
                1.0
            ]
        ],
        [
            [
                0.9996914786103981,
                -0.011407773137870388,
                0.02206377813951529,
                -0.04724885156101755
            ],
            [
                0.014737279651687248,
                0.9874597800996084,
                -0.15718140880556616,
                -0.12591551512702687
            ],
            [
                -0.01999400365666752,
                0.15745807504751683,
                0.9873232471790121,
                -0.1219981116517306
            ],
            [
                0.0,
                0.0,
                0.0,
                1.0
            ]
        ],
        [
            [
                0.9970576128826673,
                -0.0072721823065487745,
                0.07631010389992188,
                -0.0354715193987915
            ],
            [
                0.020758150284994933,
                0.9839092699753276,
                -0.1774588618620219,
                -0.14374935750630877
            ],
            [
                -0.07379170542454025,
                0.17852076579804083,
                0.9811651850679474,
                -0.19444021304224085
            ],
            [
                0.0,
                0.0,
                0.0,
                1.0
            ]
        ],
        [
            [
                0.9954723137140289,
                -0.053187565081440874,
                -0.07877788744023402,
                -0.08724994948819427
            ],
            [
                0.03826888964779842,
                0.9829145012016971,
                -0.18004048270470382,
                -0.13744357499164328
            ],
            [
                0.08700784283019154,
                0.17621057359910483,
                0.9804996017530611,
                -0.10655430205126457
            ],
            [
                0.0,
                0.0,
                0.0,
                1.0
            ]
        ],
        [
            [
                0.9963003906699773,
                -0.07291592902820404,
                -0.04548405044413473,
                -0.06377361758649988
            ],
            [
                0.06406379821891904,
                0.9829299255032926,
                -0.17246620337868027,
                -0.13099440673051982
            ],
            [
                0.057283167759965024,
                0.1689142647737146,
                0.9839647401443508,
                -0.1349485508001812
            ],
            [
                0.0,
                0.0,
                0.0,
                1.0
            ]
        ],
        [
            [
                0.9981123049967181,
                -0.03406406256886214,
                -0.05110250733028916,
                -0.08847382231133322
            ],
            [
                0.02581542835949884,
                0.98770663105676,
                -0.15417254822153684,
                -0.12796893064028786
            ],
            [
                0.05572602868277261,
                0.15256228435564012,
                0.9867215205514862,
                -0.291638087328448
            ],
            [
                0.0,
                0.0,
                0.0,
                1.0
            ]
        ],
        [
            [
                0.9889566223506269,
                -0.0556906871138871,
                -0.13734389858171223,
                -0.19744447261664083
            ],
            [
                0.033712516973230584,
                0.9869524555317761,
                -0.15744305865654018,
                -0.1272616392778244
            ],
            [
                0.14432001007542297,
                0.1510741469894179,
                0.9779306400779403,
                -0.18208202546366514
            ],
            [
                0.0,
                0.0,
                0.0,
                1.0
            ]
        ],
        [
            [
                0.9989818494266378,
                -0.023670157262882352,
                0.038405574742290144,
                0.020427580798045332
            ],
            [
                0.02980266434207536,
                0.9853506882067374,
                -0.16791611729855713,
                -0.12337523575614669
            ],
            [
                -0.03386835859986148,
                0.16888974186036196,
                0.9850528865904066,
                -0.009435575066856954
            ],
            [
                0.0,
                0.0,
                0.0,
                1.0
            ]
        ],
        [
            [
                0.9998963552940228,
                -0.009276098451246698,
                0.011010570705066778,
                -0.0430137128112758
            ],
            [
                0.010856300450528737,
                0.9880980705633258,
                -0.15344166217022653,
                -0.12555909847303384
            ],
            [
                -0.009456183704663581,
                0.15354529281797247,
                0.9880963635411211,
                -0.10140091697432661
            ],
            [
                0.0,
                0.0,
                0.0,
                1.0
            ]
        ]
    ],
    "infos": [
        [
            [
                3800.6801668096273,
                -35.126712514844286,
                -271.6072901433299,
                0.0,
                3864.5927710428505,
