{
    "voxel_size": 0.02,
    "depth_scale": 1000.0,
    "transformations": [
        [
            [
                0.9719882546562042,
                -0.051955678134577216,
                -0.22921483442387314,
                -0.07995014439576871
            ],
            [
                -0.009533947278614828,
                0.9657413066914968,
                -0.2593315106173744,
                -0.2978497691488464
            ],
            [
                0.23483597820537647,
                0.254252504529212,
                0.9381938644443085,
                0.49496847359006935
            ],
            [
                0.0,
                0.0,
                0.0,
                1.0
            ]
        ],
        [
            [
                0.8475835032927947,
                -0.18561620209622232,
                -0.4971406546092229,
                -0.6640062947893505
            ],
            [
                0.08569367609449441,
                0.9724105887785037,
                -0.2169659897515178,
                -0.2804036200701681
            ],
            [
                0.5236972396560093,
                0.14129498345949246,
                0.8401053081762173,
                0.3219217593733949
            ],
            [
                0.0,
                0.0,
                0.0,
                1.0
            ]
        ],
        [
            [
                0.9164395682766365,
                -0.31380902093726815,
                -0.24831918185135407,
                -0.17651081824974774
            ],
            [
                0.26480778606894834,
                0.9407941870471117,
                -0.21162025908600388,
                -0.2198860364063317
            ],
            [
                0.30002558913231825,
                0.12818032609085767,
                0.945280090697486,
                -0.05041498033937776
            ],
            [
                0.0,
                0.0,
                0.0,
                1.0
            ]
        ],
        [
            [
                0.9330827907086671,
                -0.3543881356451905,
                0.06136411815753635,
                0.02643805797580082
            ],
            [
                0.35830281990454316,
                0.9307449580655583,
                -0.07302679154937436,
                -0.15210405246740555
            ],
            [
                -0.031234515071933366,
                0.09012697903219105,
                0.9954403712522171,
                -0.03017518835634549
            ],
            [
                0.0,
                0.0,
                0.0,
                1.0
            ]
        ],
        [
            [
                0.8198152103373095,
                -0.13456558966114954,
                -0.5565924208779162,
                -0.7818455383356236
            ],
            [
                0.05023492058511537,
                0.9851496716156205,
                -0.16418458292252516,
                -0.1617133282172833
            ],
            [
                0.5704204358658617,
                0.1066406423216943,
                0.8144005769594084,
                -0.09362536405267348
            ],
            [
                0.0,
                0.0,
                0.0,
                1.0
            ]
        ],
        [
            [
                0.9030737052133551,
                -0.40310298306038134,
                -0.14820886613169157,
                0.13047561256963963
            ],
            [
                0.35858545589950386,
                0.8976017892180104,
                -0.2563737482855281,
                -0.24040237741956694
            ],
            [
                0.23637756613004676,
                0.17837884695346712,
                0.9551474405504036,
                0.3192785867222419
            ],
            [
                0.0,
                0.0,
                0.0,
                1.0
            ]
        ],
        [
            [
                0.9811453836940514,
                0.10168118815730626,
                -0.16436140675588273,
                0.20360831824510195
            ],
            [
                -0.13266260574293817,
                0.9727538516010126,
                -0.19013305139530368,
                -0.18684026346630014
            ],
            [
                0.14055023690249724,
                0.2083527781679763,
                0.9679022423449269,
                0.39751950930526464
            ],
            [
                0.0,
                0.0,
                0.0,
                1.0
            ]
        ],
        [
            [
                0.9827212497694789,
                0.12910611185247142,
                -0.13262939769843507,
                0.16462730859681274
            ],
            [
                -0.148683329874128,
                0.9774066769996398,
                -0.15023133885465675,
                -0.1764820198540613
            ],
            [
                0.11023707483897524,
                0.1673553095627936,
                0.9797142377714475,
                -0.08199987860598115
            ],
            [
                0.0,
                0.0,
                0.0,
                1.0
            ]
        ],
        [
            [
                0.9665409271501243,
                0.24130118986922294,
                -0.08701937664380287,
                0.09196678355064211
            ],
            [
                -0.2517692438029971,
                0.9573484480306468,
                -0.14176105575290712,
                -0.12235052762468977
            ],
            [
                0.049100753748245164,
                0.15892666491501373,
                0.9860686746674117,
                0.08699020515764427
            ],
            [
                0.0,
                0.0,
                0.0,
                1.0
            ]
        ],
        [
            [
                0.837422631671038,
                0.15170079474521736,
                0.5250811411951699,
                1.3395587184867848
            ],
            [
                -0.054639799801258035,
                0.9791327391464916,
                -0.1957385281674665,
                -0.21804681154654668
            ],
            [
                -0.5438178263378565,
                0.13522554494309513,
                0.8282368162258987,
                0.16029108625464694
            ],
            [
                0.0,
                0.0,
                0.0,
                1.0
            ]
        ],
        [
            [
                0.8586370752352964,
                0.16073589713857261,
                0.48673025835922024,
                1.142265414096681
            ],
            [
                -0.03292743065937523,
                0.9648968689381237,
                -0.26055674357724506,
                -0.4010086100976714
            ],
            [
                -0.5115253242426496,
                0.20769690340605584,
                0.8337888455562278,
                0.31593098157804955
            ],
            [
                0.0,
                0.0,
                0.0,
                1.0
            ]
        ],
        [
            [
                0.3891947446028566,
                0.3259302318072931,
                0.8615665585243902,
                2.467253196761572
            ],
            [
                -0.00011629598606259628,
                0.9353280404495603,
                -0.3537816321179359,
                -0.45626757005219815
            ],
            [
                -0.9211554902668502,
                0.13758975522483982,
                0.36406266220035227,
                -0.4795050355220614
            ],
            [
                0.0,
                0.0,
                0.0,
                1.0
            ]
        ],
        [
            [
                0.9906506060022219,
                -0.011615068628278113,
                0.13592816856042225,
                0.4588278513959657
            ],
            [
                0.03393949387671408,
                0.9860261754127612,
                -0.16309657309789288,
                -0.11659095835901198
            ],
            [
                -0.13213435428692516,
                0.16618505222084295,
                0.9772016377572916,
                0.8872467546320348
            ],
            [
                0.0,
                0.0,
                0.0,
                1.0
            ]
        ],
        [
            [
                0.9749165160546067,
                0.14906671808970695,
                -0.1652782510855942,
                0.0391941901293068
            ],
            [
                -0.17670273600850248,
                0.969900433045703,
                -0.1675389299979781,
                -0.1912779667169568
            ],
            [
                0.13532896885389434,
                0.19254158910667032,
                0.9719124480390303,
                0.06980485987866432
            ],
            [
                0.0,
                0.0,
                0.0,
                1.0
            ]
        ],
        [
            [
                0.9166941578826306,
                -0.3797699657537586,
                0.12428432731138592,
                0.25526739415726807
            ],
            [
                0.3970862950723391,
                0.9005285812073008,
                -0.17711789490192392,
                -0.19473836790595547
            ],
            [
                -0.04465753205874474,
                0.21171454258069958,
                0.976310738079976,
                0.3349831773682513
            ],
            [
                0.0,
                0.0,
                0.0,
                1.0
            ]
        ],
        [
            [
                0.8870723387071433,
                -0.07414685222736435,
                0.4556368183163124,
                1.0965307039066965
            ],
            [
                0.10943043054212191,
                0.9926588675227327,
                -0.05151071344731684,
                0.05778075937084407
            ],
            [
                -0.44847257081342745,
                0.09555426224538152,
                0.888674145114359,
                0.2277964526196981
            ],
            [
                0.0,
                0.0,
                0.0,
                1.0
            ]
        ],
        [
            [
                0.937771153647065,
                -0.11826359212991326,
                -0.3264950017442577,
                -0.31729329003118617
            ],
            [
                0.046083633681502686,
                0.9742875346385059,
                -0.22054500346807182,
                -0.18603499590429445
            ],
            [
                0.3441824546576462,
                0.19177466627412545,
                0.9191087613994794,
                -0.055068075451566445
            ],
            [
                0.0,
                0.0,
                0.0,
                1.0
            ]
        ],
        [
            [
                0.8779938745523146,
                0.06059026389203735,
                -0.47482162563441305,
                -0.4424046347632562
            ],
            [
                -0.14312570425319193,
                0.9798061047478536,
                -0.13962460342240637,
                -0.13027354316177434
            ],
            [
                0.45677323589571356,
                0.1905487261052399,
                0.8689357824080145,
                -0.011458119818974795
            ],
            [
                0.0,
                0.0,
                0.0,
                1.0
            ]
        ],
        [
            [
                0.988766884833954,
                0.1109682451246399,
                -0.10013039513412823,
                -0.09249212246178737
            ],
            [
                -0.12501376123391653,
                0.9811907530792762,
                -0.14709271081148492,
                -0.16542969565287402
            ],
            [
                0.08192439781840423,
                0.1579580787604093,
                0.9840414820506372,
                0.4806824258282106
            ],
            [
                0.0,
                0.0,
                0.0,
                1.0
            ]
        ],
        [
            [
                0.9667820289280844,
                0.07133322343050107,
                0.24544669436908137,
                0.8568178601111196
            ],
            [
                -0.02160297170018223,
                0.9796359236163585,
                -0.19961655435871506,
                -0.1600647415790746
            ],
            [
                -0.25468769140933395,
                0.18768331943819355,
                0.9486354154517134,
                0.453511306056463
            ],
            [
                0.0,
                0.0,
                0.0,
                1.0
            ]
        ],
        [
            [
                0.9798544355915304,
                0.18893166579883194,
                0.06473106449055903,
                0.32447382615637305
            ],
            [
                -0.1757868361768674,
                0.9697358701541019,
                -0.16944418067137662,
                -0.1764042515390295
            ],
            [
                -0.09478540646391499,
                0.15465176298686495,
                0.9834116935071121,
                0.018373571962358167
            ],
            [
                0.0,
                0.0,
                0.0,
                1.0
            ]
        ],
        [
            [
                0.9998834775880843,
                -0.008347639387652159,
                -0.012780773177496615,
                0.2926355552011943
            ],
            [
                0.006865287861564934,
                0.9936928234042838,
                -0.11192604941388484,
                -0.12976292926830066
            ],
            [
                0.013634480882628043,
                0.11182526383369391,
                0.9936343448671577,
                0.06333575557776049
            ],
            [
                0.0,
                0.0,
                0.0,
                1.0
            ]
        ],
        [
            [
                0.9884025299722549,
                -0.14982150568308003,
                -0.024778118962109547,
                0.058985621408015686
            ],
            [
                0.14514564033149865,
                0.980031711176357,
                -0.13590654208499717,
                -0.1125936922702998
            ],
            [
                0.04464506509352274,
                0.1307339340936263,
                0.990411761157549,
                0.34317209753987393
            ],
            [
                0.0,
                0.0,
                0.0,
                1.0
            ]
        ],
        [
            [
                0.9770395760178274,
                0.16395120489963663,
                0.13606494518009066,
                0.45683446646166187
            ],
            [
                -0.14960127760700753,
                0.9826328813678128,
                -0.10978195750277848,
                -0.14543607189053492
            ],
            [
                -0.15170077334428728,
                0.08690582757645277,
                0.9845985235109779,
                -0.04884456542674863
            ],
            [
                0.0,
                0.0,
                0.0,
                1.0
            ]
        ],
        [
            [
                0.9622707419992056,
                -0.010468209204233426,
                -0.2718923237025196,
                -0.18678451882108926
            ],
            [
                -0.030650461205532692,
                0.988729145113785,
                -0.1465442828310001,
                -0.12325198837448438
            ],
            [
                0.27036192098775186,
                0.14934890089525393,
                0.9511042726647763,
                0.22094856284304495
            ],
            [
                0.0,
                0.0,
                0.0,
                1.0
            ]
        ],
        [
            [
                0.9785335705599633,
                -0.20246159588286713,
                -0.03848835511855493,
                -0.1747503801628058
            ],
            [
                0.19708939475127515,
                0.9739267134650001,
                -0.11235002125429219,
                -0.0857189820104964
            ],
            [
                0.060231401807906086,
                0.10235262083516213,
                0.9929230177835675,
                0.11678743337598507
            ],
            [
                0.0,
                0.0,
                0.0,
                1.0
            ]
        ],
        [
            [
                0.9765874413850619,
                -0.19487214522302032,
                0.09111430373523963,
                -0.030269181822697843
            ],
            [
                0.21025604733391184,
                0.9542236076940958,
                -0.21271977124560898,
                -0.19203156286326473
            ],
            [
                -0.04549026146879417,
                0.2268967904917178,
                0.9728558385372714,
                0.5496708188765072
            ],
            [
                0.0,
                0.0,
                0.0,
                1.0
            ]
        ],
        [
            [
                0.9966482088282489,
                0.06768065951112232,
                0.04595297778796402,
                0.04516991648076115
            ],
            [
                -0.051285700402169974,
                0.9545558314113256,
                -0.2935863444591568,
                -0.2874597951172614
            ],
            [
                -0.06373480033467144,
                0.290245573690231,
                0.9548274096293673,
                0.43599518262323655
            ],
            [
                0.0,
                0.0,
                0.0,
                1.0
            ]
        ],
        [
            [
                0.994770634504345,
                0.018574027036153545,
                -0.10043102233614386,
                -0.22993849016019136
            ],
            [
                -0.04482754597816929,
                0.962950493766014,
                -0.2659263764228084,
                -0.2644182060056202
            ],
            [
                0.09177077884271165,
                0.2690378264769663,
                0.958747501730853,
                -0.026269287165466705
            ],
            [
                0.0,
                0.0,
                0.0,
                1.0
            ]
        ],
        [
            [
                0.945796248384546,
                0.2600906748002692,
                0.1944795552845067,
                0.49088440290634644
            ],
            [
                -0.2057912282011713,
                0.9432435423396583,
                -0.2606560765261118,
                -0.2545891311767321
            ],
            [
                -0.2512357994736665,
                0.2065053527550154,
                0.9456405830686165,
                -0.3314495984686955
            ],
            [
                0.0,
                0.0,
                0.0,
                1.0
            ]
        ],
        [
            [
                0.980829307164174,
                0.04345533395075258,
                0.1899618492199839,
                0.10723645591637751
            ],
            [
                -0.008728359547760266,
                0.983637393640964,
                -0.17994803019431982,
                -0.13284996059686088
            ],
            [
                -0.19467328000383693,
                0.17484024646070326,
                0.9651596770846305,
                -0.12938801435341546
            ],
            [
                0.0,
                0.0,
                0.0,
                1.0
            ]
        ],
        [
            [
                0.9760260122120136,
                0.17421203274996394,
                0.13047371816055414,
                0.1712616748170763
            ],
            [
                -0.14144211050160008,
                0.9632983790689919,
                -0.22814548485540181,
                -0.16750698806758138
            ],
            [
                -0.16543080989455194,
                0.20422144972597428,
                0.9648451930799332,
                -0.2685809257666196
            ],
            [
                0.0,
                0.0,
                0.0,
                1.0
            ]
        ],
        [
            [
                0.9378287302815108,
                0.23345864699400076,
                0.2568546919997722,
                0.4367792057814067
            ],
            [
                -0.15903758274930271,
                0.9467765580009044,
                -0.2798592440731931,
                -0.2466976268086073
            ],
            [
                -0.30851956166801836,
                0.22161049019324588,
                0.9250429561401377,
                -0.30563268235009583
            ],
            [
                0.0,
                0.0,
                0.0,
                1.0
            ]
        ],
        [
            [
                0.971319560847873,
                0.03752052773143093,
                0.2347988941904296,
                0.2856351327619341
            ],
            [
                0.014458091912594678,
                0.9763248449355141,
                -0.21582576477309937,
                -0.16053093992556003
            ],
            [
                -0.23733789055382765,
                0.21303053105224432,
                0.947780944389081,
                -0.20327126162907572
            ],
            [
                0.0,
                0.0,
                0.0,
                1.0
            ]
        ],
        [
            [
                0.9031088268445162,
                -0.30806353070363746,
                -0.2991509784806523,
                -0.1984036351952283
            ],
            [
                0.2563432533900005,
                0.9456740110088456,
                -0.19997200139987187,
                -0.15865728661821094
            ],
            [
                0.3445033865101372,
                0.10391114450745563,
                0.9330165543709272,
                0.12978227088056782
            ],
            [
                0.0,
                0.0,
                0.0,
                1.0
            ]
        ],
        [
            [
                0.9844244100928119,
                0.16712384452882814,
                0.05457289989844757,
                0.016233167835223314
            ],
            [
                -0.15214086210292724,
                0.9653709990726592,
                -0.2119244965265548,
                -0.16988842126379416
            ],
            [
                -0.0881007315066107,
                0.20032087943936333,
                0.9757611420673816,
                -0.04488059792185682
            ],
            [
                0.0,
                0.0,
                0.0,
                1.0
            ]
        ],
        [
            [
                0.8770997508779885,
                0.1645933145631663,
                0.4512261825413956,
                0.4027096802728475
            ],
            [
                -0.04495280761930673,
                0.9634581903423309,
                -0.2640597670025131,
                -0.1770161602927536
            ],
            [
                -0.4782000335601322,
                0.21132287207822673,
                0.8524478703355992,
                -0.6820027466205925
            ],
            [
                0.0,
                0.0,
                0.0,
                1.0
            ]
        ],
        [
            [
                0.9886211854627103,
                0.14363134070846695,
                0.04470111431042558,
                0.11882310121707552
            ],
            [
                -0.13320647411606548,
                0.9739612461927705,
                -0.18345442531645603,
                -0.17099337348773205
            ],
            [
                -0.06988695806709148,
                0.17541245360838423,
                0.9820113462741741,
                -0.2837229654099139
            ],
            [
                0.0,
                0.0,
                0.0,
                1.0
            ]
        ],
        [
            [
                0.984231883173569,
                0.11036522631218447,
                -0.13822849549086771,
                -0.1286571577345681
            ],
            [
                -0.13383585462525,
                0.9756077527380875,
                -0.17400424366683606,
                -0.1567102843340191
            ],
            [
                0.11565277411864149,
                0.1897604532519858,
                0.974995080100543,
                -0.31447402328175844
            ],
            [
                0.0,
                0.0,
                0.0,
                1.0
            ]
        ],
        [
            [
                0.9795198778005185,
                0.14815224579416458,
                -0.13635146152426836,
                0.02468690783336579
            ],
            [
                -0.17255942944646957,
                0.9666296680871919,
                -0.18934182866644478,
                -0.20410794226874376
            ],
            [
                0.1037499508566993,
                0.20899281528270278,
                0.9723980413685755,
                -0.05929285653975838
            ],
            [
                0.0,
                0.0,
                0.0,
                1.0
            ]
        ],
        [
            [
                0.9853460190221953,
                0.15412996097308937,
                0.07305599172924769,
                0.022590980749766527
            ],
            [
                -0.14172342659836354,
                0.9781449391889976,
                -0.1521412116823433,
                -0.1487378040757041
            ],
            [
                -0.09490886760639486,
                0.1395579917789995,
                0.9856550480671645,
                -0.2167788097596137
            ],
            [
                0.0,
                0.0,
                0.0,
                1.0
            ]
        ],
        [
            [
                0.9997465732040447,
                -0.01242950494346233,
                -0.018769570416797415,
                -0.05770621499608155
            ],
            [
                0.006679338292758074,
                0.9599909502819541,
                -0.27995135616160377,
                -0.24725209843727652
            ],
            [
                0.02149827450614502,
                0.27975504067596424,
                0.9598306837196059,
                0.3315982180279135
            ],
            [
                0.0,
                0.0,
                0.0,
                1.0
            ]
        ],
        [
            [
                0.8157643691620385,
                0.4163139481724492,
                0.40151113379672015,
                0.7035968561452376
            ],
            [
                -0.3361849832102361,
                0.9061798342648825,
                -0.25654973209029786,
                -0.3226713182337528
            ],
            [
                -0.470646524548513,
                0.0743021165831587,
                0.8791877185229948,
                -0.45378076151307745
            ],
            [
                0.0,
                0.0,
                0.0,
                1.0
            ]
        ],
        [
            [
                0.9966884262392165,
                0.0786145519412664,
                0.020783003244634148,
                -0.11129721638612702
            ],
            [
                -0.06999802520749489,
                0.9595441144263518,
                -0.27271847927267495,
                -0.2510104324326467
            ],
            [
                -0.04138184949761739,
                0.2703605827276296,
                0.9618693767031643,
                -0.022121739911961737
            ],
            [
                0.0,
                0.0,
                0.0,
                1.0
            ]
        ],
        [
            [
                0.972316141929055,
                0.23315528552044215,
                0.015489770110592136,
                -0.044021107226628615
            ],
            [
                -0.22618912621099466,
                0.9557588210537626,
                -0.18805200121729373,
                -0.18673636907816368
            ],
            [
                -0.05864980245580193,
                0.1793423787391129,
                0.9820369198049995,
                -0.09018181723456373
            ],
            [
                0.0,
                0.0,
                0.0,
                1.0
            ]
        ],
        [
            [
                0.9855501522072648,
                0.09304204900503354,
                -0.14154177687588193,
                -0.19867438699974757
            ],
            [
                -0.12417049212566933,
                0.9652085465346831,
                -0.23011768854582754,
                -0.21556951201974123
            ],
            [
                0.1152067114777004,
                0.24436783506294404,
                0.962814506962345,
                0.05122142985873788
            ],
            [
                0.0,
                0.0,
                0.0,
                1.0
            ]
        ],
        [
            [
                0.9946396696882626,
                0.08825659073508968,
                -0.05387672664743511,
                -0.14762308678738437
            ],
            [
                -0.10019310535296458,
                0.9514041657376039,
                -0.2911897234739994,
                -0.31851561492343405
            ],
            [
                0.025559129917767206,
                0.2950269269218549,
                0.9551470270429017,
                0.1961624852226077
            ],
            [
                0.0,
                0.0,
                0.0,
                1.0
            ]
        ],
        [
            [
                0.6800656676899227,
                0.6889172921174408,
                0.25080600521325647,
                0.3341044506471978
            ],
            [
                -0.6741096980046016,
                0.7220707442144066,
                -0.1555312039617746,
                -0.15838920518732597
            ],
            [
                -0.28824781471088895,
                -0.06329932836316748,
                0.9554613505229654,
                -0.20281093124292932
            ],
            [
                0.0,
                0.0,
                0.0,
                1.0
            ]
        ],
        [
            [
                0.9793894673189003,
                0.18487040340751135,
                -0.08135849831914257,
                -0.09797174401449216
            ],
            [
                -0.1977086490592148,
                0.9598696248619013,
                -0.19890096368457563,
                -0.19208079729365637
            ],
            [
                0.04132264986641282,
                0.2108867876644163,
                0.9766366782978209,
                0.03299437709846378
            ],
            [
                0.0,
                0.0,
                0.0,
                1.0
            ]
        ],
        [
            [
                0.97874195527297,
                0.20300786044303698,
                -0.029188929181854093,
                -0.10071296280896475
            ],
            [
                -0.20415582277825428,
                0.9507321417584221,
                -0.23329979565609613,
                -0.24637494698012688
            ],
            [
                -0.019610839201242816,
                0.23429938801836975,
                0.9719666721446993,
                0.08466789808967902
            ],
            [
                0.0,
                0.0,
                0.0,
                1.0
            ]
        ],
        [
            [
                0.9750418748586277,
                0.22195474244994995,
                0.005425364148887298,
                -0.051309113603239705
            ],
            [
                -0.21586531010637613,
                0.9534391650090257,
                -0.21060846735012986,
                -0.20195844093382698
            ],
            [
                -0.05191830279246179,
                0.20418092695173304,
                0.9775554403225838,
                0.01139118957091185
            ],
            [
                0.0,
                0.0,
                0.0,
                1.0
            ]
        ],
        [
            [
                0.9786036986278794,
                0.1950882542307592,
                -0.06538634485142437,
                -0.09643030704817288
            ],
            [
                -0.20450159784614116,
                0.957238443418332,
                -0.20463054249164597,
                -0.2073819666689381
            ],
            [
                0.02266930766940323,
                0.21362381773398922,
                0.9766529409091776,
                0.14704716155581518
            ],
            [
                0.0,
                0.0,
                0.0,
                1.0
            ]
        ],
        [
            [
                0.9786066571890569,
                0.14736554938647198,
                -0.14357021055665395,
                -0.2007801967411595
            ],
            [
                -0.17220842016505247,
                0.9685362868922975,
                -0.17967114681310833,
                -0.15844394785868532
            ],
            [
                0.11257562138187596,
                0.20055137951882573,
                0.9731936465285724,
                0.09163960339172789
            ],
            [
                0.0,
                0.0,
                0.0,
                1.0
            ]
        ],
        [
            [
                0.9965401205172749,
                0.052541605226172725,
                -0.06439850867583359,
                -0.10420632085954162
            ],
            [
                -0.06931718211650001,
                0.9529235345583814,
                -0.29518107247618197,
                -0.2934658021317661
            ],
            [
                0.04585756712738215,
                0.2986237046937468,
                0.9532685699907132,
                0.1840543251537724
            ],
            [
                0.0,
                0.0,
                0.0,
                1.0
            ]
        ],
        [
            [
                0.9952375404018744,
                0.08381997364449056,
                -0.04976394470964751,
                -0.08281285981107744
            ],
            [
                -0.09418433238514107,
                0.958461694299953,
                -0.2692220126453776,
                -0.24423489677716034
            ],
            [
                0.025130652757005684,
                0.27262683759655704,
                0.9617915874627445,
                0.16017089056803527
            ],
            [
                0.0,
                0.0,
                0.0,
                1.0
            ]
        ],
        [
            [
                0.903948948319288,
                0.3922188111571894,
                0.17041332989791022,
                0.07456639854107426
            ],
            [
                -0.35495124817407564,
                0.9104042223702752,
                -0.21254120379361774,
                -0.1719075633300802
            ],
            [
                -0.2385076733610865,
                0.13163797349099227,
                0.9621774959346457,
                0.3888261865997989
            ],
            [
                0.0,
                0.0,
                0.0,
                1.0
            ]
        ],
        [
            [
                0.9984838782913802,
                0.03353504766593354,
                0.04365026197227884,
                0.25195809953237125
            ],
            [
                -0.01927767945349074,
                0.9558112869018918,
                -0.29334818033497057,
                -0.27901143325484934
            ],
            [
                -0.051558858279576625,
                0.29206195303221744,
                0.955008638559837,
                0.2935055564329196
            ],
            [
                0.0,
                0.0,
                0.0,
                1.0
            ]
        ],
        [
            [
                0.6740230724839235,
                -0.14083795391299161,
                0.7251603743289715,
                1.1325970568539907
            ],
            [
                0.11398864310681835,
                0.9897291895348062,
                0.08627120391789869,
                0.32860502681485243
            ],
            [
                -0.7298626494087763,
                0.024511265172962766,
                0.6831542365217554,
                -0.07248779827016007
            ],
            [
                0.0,
                0.0,
                0.0,
                1.0
            ]
        ],
        [
            [
                0.9990425788497448,
                0.023669683905286697,
                0.03679227784569427,
                0.05603799441003339
            ],
            [
                -0.016350062815128512,
                0.9820651051475795,
                -0.18783185219076542,
                -0.12893122579612343
            ],
            [
                -0.04057833277985063,
                0.18705046194889782,
                0.9815118560636502,
                0.3121602350916843
            ],
            [
                0.0,
                0.0,
                0.0,
                1.0
            ]
        ],
        [
            [
                0.997321534361024,
                0.06499672242174583,
                -0.03354375015117003,
                0.0037826580463547668
            ],
            [
                -0.07071975447572237,
                0.9739538617488728,
                -0.21543581761478942,
                -0.13427029387873415
            ],
            [
                0.01866744296006102,
                0.21723098595478924,
                0.9759417120476225,
                0.3654627328560556
            ],
            [
                0.0,
                0.0,
                0.0,
                1.0
            ]
        ]
    ],
    "infos": [
        [
            [
                636.6144696467859,
                2.8648234943105937,
                8.018592454352165,
                0.0,
                302.54545005666427,
                -46.82323591540218
            ],
            [
                2.8648234943105937,
                644.2320837781833,
