{
    "voxel_size": 0.02,
    "estimated_scale_factor": 0.36463433504104614,
    "transformations": [
        [
            [
                0.9880739283315879,
                0.15059731018843805,
                0.03209925724049652,
                0.2338090006678805
            ],
            [
                -0.1391589174996944,
                0.9625859234293611,
                -0.2325148074767645,
                -0.21388932436461155
            ],
            [
                -0.06591439775722313,
                0.22527492132869775,
                0.9720630133837274,
                -0.04608870938245173
            ],
            [
                0.0,
                0.0,
                0.0,
                1.0
            ]
        ],
        [
            [
                0.991379404697149,
                0.07679492824919576,
                -0.10615750061831065,
                0.07121909464819312
            ],
            [
                -0.10211172920196014,
                0.9605343807145139,
                -0.25874098675078605,
                -0.22186018648890485
            ],
            [
                0.08209793360195701,
                0.2673504113716412,
                0.9600956654613659,
                0.014549074908917518
            ],
            [
                0.0,
                0.0,
                0.0,
                1.0
            ]
        ],
        [
            [
                0.9856499461611109,
                0.04018635751292905,
                -0.1639488953986675,
                0.004833067339937369
            ],
            [
                -0.07758892370892906,
                0.9704251270895361,
                -0.22859359490359474,
                -0.18658503040769958
            ],
            [
                0.14991378372347927,
                0.23803388284675334,
                0.9596174904964,
                0.03486717598788216
            ],
            [
                0.0,
                0.0,
                0.0,
                1.0
            ]
        ],
        [
            [
                0.9991747162438241,
                0.03668841108797863,
                -0.017431205090665338,
                0.17352149480542742
            ],
            [
                -0.040193731025340275,
                0.9549688029111599,
                -0.2939711711251425,
                -0.23994697454503075
            ],
            [
                0.005860921884477862,
                0.2944291866616907,
                0.9556553267974802,
                -0.01296758316220613
            ],
            [
                0.0,
                0.0,
                0.0,
                1.0
            ]
        ],
        [
            [
                0.9840306096687943,
                0.11840137938882093,
                0.13290926451411988,
                0.3171611433470658
            ],
            [
                -0.07540040185513464,
                0.953653166944217,
                -0.29130811279013247,
                -0.2469829988691135
            ],
            [
                -0.1612406234016228,
                0.27663468787570467,
                0.9473514188668153,
                -0.13053222933810468
            ],
            [
                0.0,
                0.0,
                0.0,
                1.0
            ]
        ],
        [
            [
                0.9943091472002485,
                0.022899286131445,
                -0.10404298385083274,
                0.08238656557951385
            ],
            [
                -0.04810844322855609,
                0.9678889725543885,
                -0.24673166496770457,
                -0.19271440348164773
            ],
            [
                0.0950520777470919,
                0.25033289736325337,
                0.9634825078919078,
                0.014398652016369095
            ],
            [
                0.0,
                0.0,
                0.0,
                1.0
            ]
        ],
        [
            [
                0.9960957488832848,
                0.06002031312679598,
                0.06473655125823055,
                0.19772521806116392
            ],
            [
                -0.04100480904007607,
                0.963975867753719,
                -0.26281006834604015,
                -0.1992271819289415
            ],
            [
                -0.07817841576953996,
                0.2591294819209592,
                0.9626733853738451,
                -0.13341957492108097
            ],
            [
                0.0,
                0.0,
                0.0,
                1.0
            ]
        ],
        [
            [
                0.9822002020697725,
                0.05012382222054064,
                0.18102586969850776,
                0.2825597881614861
            ],
            [
                0.02304802740995997,
                0.9242963969224479,
                -0.38097894832744905,
                -0.2935863040968482
            ],
            [
                -0.1864176801878169,
                0.3783698892382735,
                0.9066888526011604,
                -0.15888296073343103
            ],
            [
                0.0,
                0.0,
                0.0,
                1.0
            ]
        ],
        [
            [
                0.8680258085546979,
                -0.08986463373510557,
                -0.4883190998585024,
                -0.4150380727334529
            ],
            [
                -0.0235047930690399,
                0.9749453160577201,
                -0.22119935668960497,
                -0.1567494390172307
            ],
            [
                0.4959624183199204,
                0.2034845898361072,
                0.8441654466474487,
                -0.14661601617995582
            ],
            [
                0.0,
                0.0,
                0.0,
                1.0
            ]
        ],
        [
            [
                0.9416079898036472,
                0.16965999274789192,
                0.29084339497179584,
                0.3716942764266439
            ],
            [
                -0.07125592987781683,
                0.9446187979232322,
                -0.3203403175800928,
                -0.24478631945578036
            ],
            [
                -0.32908507409966514,
                0.28091068593211593,
                0.9015498879895468,
                -0.10484810099803306
            ],
            [
                0.0,
                0.0,
                0.0,
                1.0
            ]
        ],
        [
            [
                0.9437058215656221,
                0.2392627930871898,
                0.22841330562659978,
                0.41643256585809013
            ],
            [
                -0.163017593641888,
                0.9372379541136187,
                -0.3082373785447291,
                -0.2490733100990359
            ],
            [
                -0.2878273553822884,
                0.25365002111775004,
                0.9234809582663858,
                0.05355669410163055
            ],
            [
                0.0,
                0.0,
                0.0,
                1.0
            ]
        ],
        [
            [
                0.9729177221597645,
                -0.01029708460001524,
                -0.23092222923788688,
                -0.03927563201111869
            ],
            [
                -0.05207225734718254,
                0.9635650373909871,
                -0.26235643451700175,
                -0.19962017324949813
            ],
            [
                0.22521009285159477,
                0.26727586641229906,
                0.9369333088920102,
                0.07540886493567048
            ],
            [
                0.0,
                0.0,
                0.0,
                1.0
            ]
        ],
        [
            [
                0.9846157189494685,
                0.02921947354722818,
                0.1722733536077025,
                0.17582368938841206
            ],
            [
                0.011208863275155377,
                0.9733264861547998,
                -0.2291504150849999,
                -0.16899562923329878
            ],
            [
                -0.1743738724170011,
                0.22755608916302747,
                0.9580250408539055,
                -0.2767748785049117
            ],
            [
                0.0,
                0.0,
                0.0,
                1.0
            ]
        ],
        [
            [
                0.9642169311790383,
                0.2535664482710659,
                0.0773935781500954,
                0.1688320879891685
            ],
            [
                -0.24877831641831302,
                0.966280698244061,
                -0.0664150696833063,
                -0.07365798287901335
            ],
            [
                -0.09162455406575187,
                0.04478469060030974,
                0.9947860436194741,
                -0.2449843414952464
            ],
            [
                0.0,
                0.0,
                0.0,
                1.0
            ]
        ],
        [
            [
                0.9804940590988341,
                0.11685223780846903,
                0.15804099022419832,
                0.2643434351529592
            ],
            [
                -0.06971032080288825,
                0.9585545733650112,
                -0.27624916480340717,
                -0.19868476181402275
            ],
            [
                -0.18377124705853895,
                0.25984357679222025,
                0.948002871490575,
                -0.01361944494105213
            ],
            [
                0.0,
                0.0,
                0.0,
                1.0
            ]
        ],
        [
            [
                0.945770562033243,
                0.12048260981883381,
                0.3016653522076526,
                0.38209254265165715
            ],
            [
                0.003627249852975441,
                0.9246964242673071,
                -0.380688016630101,
                -0.28637901840032765
            ],
            [
                -0.3248151582821044,
                0.36113773505201413,
                0.8741136363606695,
                -0.1460676232864278
            ],
            [
                0.0,
                0.0,
                0.0,
                1.0
            ]
        ],
        [
            [
                0.9967796259721732,
                -0.02664789765303085,
                -0.07563244540174575,
                -0.015431169782628413
            ],
            [
                0.007488043423968235,
                0.9699797984427444,
                -0.24307019524954976,
                -0.16356445346217408
            ],
            [
                0.07983925383202939,
                0.24172107927040024,
                0.9670556413071061,
                -0.09947315216567403
            ],
            [
                0.0,
                0.0,
                0.0,
                1.0
            ]
        ],
        [
            [
                0.851767986688018,
                -0.017410027534072756,
                0.5236298194284811,
                0.5231081514901224
            ],
            [
                0.09828209121676024,
                0.9870145661837428,
                -0.1270546208808586,
                -0.14424517938371897
            ],
            [
                -0.5146182346162063,
                0.15968449230398393,
                0.8424185037842629,
                -0.47938609349594263
            ],
            [
                0.0,
                0.0,
                0.0,
                1.0
            ]
        ],
        [
            [
                0.9833002282902663,
                0.08228544765295231,
                0.16232611049631943,
                0.364793739752675
            ],
            [
                -0.03549790433730644,
                0.9615334587669465,
                -0.27238448278000704,
                -0.22072923872326922
            ],
            [
                -0.1784952655729826,
                0.2620734873584616,
                0.9483970304634046,
                -0.021646878055025392
            ],
            [
                0.0,
                0.0,
                0.0,
                1.0
            ]
        ],
        [
            [
                0.977625185900922,
                -0.05539652835659003,
                -0.2029291022456501,
                -0.10409465840373099
            ],
            [
                0.016217238408841532,
                0.9816781246787193,
                -0.18985536786107424,
                -0.12864785546844953
            ],
            [
                0.20972838880461261,
                0.18231643966826083,
                0.9606116378412825,
                -0.038759812097822484
            ],
            [
                0.0,
                0.0,
                0.0,
                1.0
            ]
        ],
        [
            [
                0.9802601443895418,
                -0.028589790792555227,
                -0.19563402869601196,
                -0.02384251527062137
            ],
            [
                0.02973095536961595,
                0.9995537350197943,
                0.002898465247100404,
                -0.046931620513588596
            ],
            [
                0.19546385756503412,
                -0.008657636537569739,
                0.9806726904096899,
                -0.051967259751607764
            ],
            [
                0.0,
                0.0,
                0.0,
                1.0
            ]
        ],
        [
            [
                0.9865463762913093,
                0.08418256496969129,
                0.14014115448935588,
                0.3452314970323214
            ],
            [
                -0.04459090148673563,
                0.9632881163244562,
                -0.26474073440383306,
                -0.20568268751163177
            ],
            [
                -0.15728286280166087,
                0.2549299917687292,
                0.9540821769458375,
                -0.15425320101732082
            ],
            [
                0.0,
                0.0,
                0.0,
                1.0
            ]
        ],
        [
            [
                0.741700418962177,
                -0.16441270616247985,
                -0.6502683681093991,
                -0.5177431148340031
            ],
            [
                0.042326057350135914,
                0.9790322735222903,
                -0.19925940949167126,
                -0.14538992131976095
            ],
            [
                0.6693944975726377,
                0.12026749126055082,
                0.7331075890790982,
                -0.3500293334878511
            ],
            [
                0.0,
                0.0,
                0.0,
                1.0
            ]
        ],
        [
            [
                0.820597718418231,
                -0.13914447551213607,
                -0.5543087582397066,
                -0.3189125317856562
            ],
            [
                0.07936401327777846,
                0.9882554993704885,
                -0.13058492011113,
                -0.10664464840999663
            ],
            [
                0.5659688488982737,
                0.0631655198540953,
                0.8220032719997683,
                -0.16216605698423964
            ],
            [
                0.0,
                0.0,
                0.0,
                1.0
            ]
        ],
        [
            [
                0.9867204656736123,
                -0.05630409650757265,
                -0.15235672396489378,
                -0.07762748803161365
            ],
            [
                0.016699366931386284,
                0.9681925666416237,
                -0.24964832273419452,
                -0.15746194335812244
            ],
            [
                0.1615668708768596,
                0.24378884842496693,
                0.956275662985673,
                0.22099574066365021
            ],
            [
                0.0,
                0.0,
                0.0,
                1.0
            ]
        ],
        [
            [
                0.6650329860852124,
                -0.30893933351778446,
                -0.6799173594078718,
                -0.819483134930758
            ],
            [
                0.1130084031085073,
                0.941569797018208,
                -0.31729389872790953,
                -0.20279545459388557
            ],
            [
                0.7382142156890844,
                0.1341745339052041,
                0.6610877144569178,
                -0.07408055444280967
            ],
            [
                0.0,
                0.0,
                0.0,
                1.0
            ]
        ],
        [
            [
                0.9762063608861329,
                -0.15630334740552684,
                0.15030104642110698,
                -0.07743834418435462
            ],
            [
                0.18685140537975756,
                0.958057679697854,
                -0.21728330511010852,
                -0.13801174257911833
            ],
            [
                -0.11003496386631875,
                0.24019730631668249,
                0.9644675011451392,
                -0.05947485045659722
            ],
            [
                0.0,
                0.0,
                0.0,
                1.0
            ]
        ],
        [
            [
                0.9275162099623979,
                -0.3581462391366505,
                0.10698108080058788,
                0.18091802827425407
            ],
            [
                0.36621332760127334,
                0.9280257330109883,
                -0.0682351636373887,
                -0.10952649348282617
            ],
            [
                -0.07484302869466895,
                0.10246711795347872,
                0.9919168366320424,
                -0.1786274206314174
            ],
            [
                0.0,
                0.0,
                0.0,
                1.0
            ]
        ],
        [
            [
                0.8966904274635085,
                0.04928077673381508,
                0.43990644725875727,
                0.37254333501604797
            ],
            [
                0.06455665860246292,
                0.968599690906753,
                -0.2400980562300075,
                -0.16399615013020308
            ],
            [
                -0.437925467546014,
                0.24369251900674915,
                0.86535266860093,
                -0.2971634994831781
            ],
            [
                0.0,
                0.0,
                0.0,
                1.0
            ]
        ],
        [
            [
                0.9962756960153127,
                0.058691847174367845,
                0.06316648323647879,
                -0.007424710517279926
            ],
            [
                -0.05149282164397132,
                0.9925841384233316,
                -0.1101145652016765,
                -0.06217293466857151
            ],
            [
                -0.06916087657300092,
                0.1064518446325509,
                0.9919096621799693,
                -0.15975507787708043
            ],
            [
                0.0,
                0.0,
                0.0,
                1.0
            ]
        ],
        [
            [
                0.39498856059919973,
                -0.2407093767384744,
                -0.886590679482899,
                -0.6904001791950238
            ],
            [
                0.010313331180287797,
                0.9661648590507663,
                -0.2577190337079878,
                -0.1642045188905994
            ],
            [
                0.9186281468558101,
                0.0926523668644712,
                0.3841065824984945,
                -0.7825779402757848
            ],
            [
                0.0,
                0.0,
                0.0,
                1.0
            ]
        ],
        [
            [
                0.9910548281741944,
                -0.1003439638589176,
                0.08798531962604791,
                -0.04018911742218932
            ],
            [
                0.1097862294165752,
                0.9878481757539103,
                -0.11001347867494632,
                -0.05093068630043164
            ],
            [
                -0.07587694895756349,
                0.11868896569080045,
                0.9900280895207673,
                -0.14080106115459412
            ],
            [
                0.0,
                0.0,
                0.0,
                1.0
            ]
        ],
        [
            [
                0.9943031371235799,
                -0.08339261555069527,
                -0.066384811348841,
                -0.14044855807062692
            ],
            [
                0.06466041416047216,
                0.9670317204145877,
                -0.24631013489622908,
                -0.16619314189946974
            ],
            [
                0.08473666471370865,
                0.2406144704368721,
                0.9669148743656704,
                -0.0530596378972523
            ],
            [
                0.0,
                0.0,
                0.0,
                1.0
            ]
        ],
        [
            [
                0.9654623190792575,
                -0.08115097243846649,
                -0.24758237035457942,
                -0.26447448323080813
            ],
            [
                0.02781603794639019,
                0.9769297826682528,
                -0.21174151168045863,
                -0.12201221720711801
            ],
            [
                0.25905362084145045,
                0.1975416903037232,
                0.9454461920812215,
                -0.012908576040363162
            ],
            [
                0.0,
                0.0,
                0.0,
                1.0
            ]
        ],
        [
            [
                0.8510580332988948,
                -0.16390154580223887,
                -0.4988351503663852,
                -0.31727462568100995
            ],
            [
                0.03622373460643544,
                0.9660963773052279,
                -0.2556279147684717,
                -0.15673394343180766
            ],
            [
                0.5238206420222287,
                0.1994845182999198,
                0.8281412089432995,
                -0.16133478662753262
            ],
            [
                0.0,
                0.0,
                0.0,
                1.0
            ]
        ],
        [
            [
                0.9994077079919087,
                0.004239276287575931,
                -0.03415057456202077,
                -0.09513152848335583
            ],
            [
                -0.013623458727225486,
                0.9600455779821792,
                -0.2795118773311277,
                -0.15423956962405497
            ],
            [
                0.031601180020153066,
                0.27981157362307496,
                0.9595347042644745,
                -0.24137054626685475
            ],
            [
                0.0,
                0.0,
                0.0,
                1.0
            ]
        ],
        [
            [
                0.7868559714233987,
                -0.1470789542799759,
                -0.5993542036586111,
                -0.18817359684880286
            ],
            [
                -0.026475594470983008,
                0.9622463347354625,
                -0.27088933937232773,
                -0.15451536345756067
            ],
            [
                0.6165685064392662,
                0.22901915312060017,
                0.7532552717181448,
                -0.31244090747702485
            ],
            [
                0.0,
                0.0,
                0.0,
                1.0
            ]
        ],
        [
            [
                0.992173759668139,
                -0.12478847973371547,
                -0.0043664575731903,
                -0.11744687099378388
            ],
            [
                0.12029554161293805,
                0.9646549436969352,
                -0.2344564400248232,
                -0.1592476015136653
            ],
            [
                0.033469587598897795,
                0.2320962621991394,
                0.9721168200268667,
                -0.10820952003970122
            ],
            [
                0.0,
                0.0,
                0.0,
                1.0
            ]
        ],
        [
            [
                0.9909530366864279,
                -0.03415117229502895,
                0.12979128057316575,
                0.11605650729989718
            ],
            [
                0.08329035472842587,
                0.9148058781911312,
                -0.3952125023783606,
                -0.299891778151233
            ],
            [
                -0.10523685614441336,
                0.40244739116787437,
                0.9093741262269411,
                0.008767366910978278
            ],
            [
                0.0,
                0.0,
                0.0,
                1.0
            ]
        ],
        [
            [
                0.9173437710821636,
                -0.3451038309449042,
                -0.19845339887214167,
                -0.22067051351391076
            ],
            [
                0.30636792012455466,
                0.9303170840845848,
                -0.20161552663153356,
                -0.20341473358414466
            ],
            [
                0.25420287798392255,
                0.12415099245478055,
                0.9591493251299212,
                -0.15653998241537087
            ],
            [
                0.0,
                0.0,
                0.0,
                1.0
            ]
        ],
        [
            [
                0.9313820064031335,
                -0.2566993146231557,
                -0.25813372507380206,
                -0.17299057647271748
            ],
            [
                0.14556025125381417,
                0.912522339805903,
                -0.38225017018974117,
                -0.2395615812680719
            ],
            [
                0.33367614748945096,
                0.31844692058043383,
                0.8872721044693317,
                -0.03738425445983846
            ],
            [
                0.0,
                0.0,
                0.0,
                1.0
            ]
        ],
        [
            [
                0.872213166341679,
                -0.4862150665461115,
                0.053283219908180315,
                -0.11973126519549901
            ],
            [
                0.4882122313991942,
                0.8720582573304634,
                -0.03410590761110791,
                -0.1425508332721551
            ],
            [
                -0.02988326575933316,
                0.055761141355947626,
                0.9979968364389941,
                -0.04669692356819971
            ],
            [
                0.0,
                0.0,
                0.0,
                1.0
            ]
        ],
        [
            [
                0.9215147529175987,
                -0.10737983444654703,
                -0.3732025339000916,
                -0.19499264380572892
            ],
            [
                0.015941130954161505,
                0.9706613005868542,
                -0.2399219037248164,
                -0.12514341652280794
            ],
            [
                0.38801603123984324,
                0.21514230336516768,
                0.8961904645797177,
                0.13665314062985207
            ],
            [
                0.0,
                0.0,
                0.0,
                1.0
            ]
        ],
        [
            [
                0.9434568844117837,
                -0.07606823549848413,
                -0.32264954796831574,
                -0.21714815943162522
            ],
            [
                -0.037128214056939,
                0.9429436355897801,
                -0.3308758012029117,
                -0.18196115148545017
            ],
            [
                0.3294094761492954,
                0.32414645401249376,
                0.8868023868789329,
                -0.16678858514667727
            ],
            [
                0.0,
                0.0,
                0.0,
                1.0
            ]
        ],
        [
            [
                0.9623002019301715,
                0.16785198729167697,
                -0.2140187648954804,
                -0.19775122804186054
            ],
            [
                -0.22199073546655815,
                0.9393489052855576,
                -0.26142637109871364,
                -0.14807867109280654
            ],
            [
                0.15715735659576546,
                0.29908083272095615,
                0.9411972273475792,
                -0.01811327497182727
            ],
            [
                0.0,
                0.0,
                0.0,
                1.0
            ]
        ],
        [
            [
                0.961468893387393,
                -0.03518004734165045,
                -0.27265350046801307,
                -0.2386033482064025
            ],
            [
                -0.058148732905862414,
                0.943314547526607,
                -0.32676656696503503,
                -0.17866116720431982
            ],
            [
                0.26869367672102784,
                0.33003034511043244,
                0.9049219189501515,
                -0.1330024301704998
            ],
            [
                0.0,
                0.0,
                0.0,
                1.0
            ]
        ],
        [
            [
                0.9535747628118965,
                -0.0587369549983902,
                -0.29537288610458773,
                -0.3027558469213903
            ],
            [
                -0.11072510709924263,
                0.8437186683414362,
                -0.5252416199712414,
                -0.3885821813017069
            ],
            [
                0.280062711523862,
                0.5335623476311555,
                0.7980451734107742,
                -0.27312450819795764
            ],
            [
                0.0,
                0.0,
                0.0,
                1.0
            ]
        ],
        [
            [
                0.9684677810410536,
                0.1280755021699953,
                -0.21369797104633806,
                -0.15704317510118387
            ],
            [
                -0.15897266884155678,
                0.97811372078922,
                -0.13424321124459393,
                -0.06599339487166656
            ],
            [
                0.19182765089217688,
                0.16398236169713945,
                0.9676321291717316,
                -0.05302149993190222
            ],
            [
                0.0,
                0.0,
                0.0,
                1.0
            ]
        ],
        [
            [
                0.9494616934207647,
                0.2368942826920792,
                0.20592132370004007,
                0.20383703233349823
            ],
            [
                -0.16338044958993778,
                0.9331556854708996,
                -0.3201988372326252,
                -0.19420465548821406
            ],
            [
                -0.26800992783544636,
                0.27037301178398065,
                0.9246994717639337,
                -0.3746777285770407
            ],
            [
                0.0,
                0.0,
                0.0,
                1.0
            ]
        ],
        [
            [
                0.9132985739507398,
                -0.10326458336937226,
                -0.39398241158850517,
                -0.3582242748897229
            ],
            [
                -0.0726371829715164,
                0.9105205799400653,
                -0.40703330718206604,
                -0.26012799925516533
            ],
            [
                0.40076121876936455,
                0.40036071151794783,
                0.8240762987753849,
                -0.18337602705884667
            ],
            [
                0.0,
                0.0,
                0.0,
                1.0
            ]
        ],
        [
            [
                0.9927101702682445,
                0.031567187167015856,
                0.11631865946767295,
                0.035845089115708835
            ],
            [
                0.015977385571895462,
                0.9221074355176974,
                -0.38660393235618123,
                -0.2921989623990007
            ],
            [
                -0.11946229947678436,
                0.3856441235871982,
                0.9148810681975991,
                0.03277962530232898
            ],
            [
                0.0,
                0.0,
                0.0,
                1.0
            ]
        ],
        [
            [
                0.9664252870776835,
                -0.25138142933051993,
                -0.05319343460015455,
                -0.0739896362845616
            ],
            [
                0.1862681998901463,
                0.8280111327229714,
                -0.5288683407016419,
                -0.3340962164272329
            ],
            [
                0.17699243544993842,
                0.5012034926799378,
                0.8470352629725227,
                -0.0236084056114767
            ],
            [
                0.0,
                0.0,
                0.0,
                1.0
            ]
        ],
        [
            [
                0.9992035752113662,
                -0.031248703797239694,
                -0.02481398387635947,
                -0.03961450275582974
            ],
            [
                0.019307132386238268,
                0.92284137363598,
                -0.38469602772146877,
                -0.2635108691531368
            ],
            [
                0.034920623188083574,
                0.383910559397172,
                0.9227097227511517,
                0.03490502302153022
            ],
            [
                0.0,
                0.0,
                0.0,
                1.0
            ]
        ],
        [
            [
                0.9845281731845187,
                -0.17063412317026277,
                0.03985313307470909,
                -0.031993002219537645
            ],
            [
                0.1748396165154902,
                0.9415077313999191,
                -0.28808731351952016,
                -0.2079847133089092
            ],
            [
                0.011635493228531506,
                0.2905979830007316,
                0.9567744914938073,
                0.07215966644427044
            ],
            [
                0.0,
                0.0,
                0.0,
                1.0
            ]
        ],
        [
            [
                0.9999971722822316,
                -0.001931433922225763,
                -0.001387440284969036,
                -0.014411147809284085
            ],
            [
                0.001249701580554676,
                0.9231651011036769,
                -0.3844016575799311,
                -0.25329047086629247
            ],
            [
                0.0020232828521583937,
                0.38439883671421654,
                0.9231649043693426,
                -0.018317107844739774
            ],
            [
                0.0,
                0.0,
                0.0,
                1.0
            ]
        ],
        [
            [
                0.9427716752465868,
                0.15177096118123254,
                0.29689584654364787,
                0.19100664057517708
            ],
            [
                -0.09302802053018183,
                0.9747720108642509,
                -0.2028923710539717,
                -0.1213676605580815
            ],
            [
                -0.3201989315237964,
                0.1636615476457168,
                0.9331063937586259,
                -0.0362578596851395
            ],
            [
                0.0,
                0.0,
                0.0,
                1.0
            ]
        ],
        [
            [
                0.8841940817885359,
                0.13909529495234535,
                0.4459297306215932,
                0.4181158602240207
            ],
            [
                -0.025357446079778443,
                0.9675218541979946,
                -0.251512348757639,
                -0.11625953465866991
            ],
            [
                -0.46643094414761743,
                0.21107809116863144,
                0.8590041989246435,
                0.1555151474787713
            ],
            [
                0.0,
                0.0,
                0.0,
                1.0
            ]
        ],
        [
            [
                0.9976676456910629,
                -0.004853373293502203,
                0.06808607426578492,
                0.035634310530357226
            ],
            [
                0.020678067607935436,
                0.9720880808176586,
                -0.2337031892213762,
                -0.11689711940304537
            ],
            [
                -0.06505141244626213,
                0.23456599902781008,
                0.9699211853747873,
                0.06453055539301569
            ],
            [
                0.0,
                0.0,
                0.0,
                1.0
            ]
        ],
        [
            [
                0.9988147165251624,
                -0.048354810200594026,
                -0.005565463433013551,
                -0.012906590539400709
            ],
            [
                0.04509803288712938,
                0.9623811295183945,
                -0.26793418777119643,
                -0.14461904908506623
            ],
            [
                0.018312003780883344,
                0.2673656183531531,
                0.9634211418897584,
                0.12469838649770808
            ],
            [
                0.0,
                0.0,
                0.0,
                1.0
            ]
        ],
        [
            [
                0.9892611729503968,
                -0.04332644708955585,
                -0.13958922120063919,
                -0.13129807806490248
            ],
            [
                -0.03666207930908909,
                0.8509609007773393,
                -0.5239479337576904,
                -0.39134032372556726
            ],
            [
                0.14148577184133798,
                0.5234389786124215,
                0.8402341411985389,
                -0.048900980714325595
            ],
            [
                0.0,
                0.0,
                0.0,
                1.0
            ]
        ]
    ],
    "infos": [
        [
            [
                2503.8161657019605,
                -4.126369257086367,
                -195.39294449726873,
                0.0,
                2543.5376481625835,
                -401.62928608017313
            ],
            [
