{
    "voxel_size": 0.05,
    "estimated_scale_factor": 6.031792244696994,
    "transformations": [
        [
            [
                1.0,
                0.0,
                0.0,
                0.0
            ],
            [
                0.0,
                1.0,
                0.0,
                0.0
            ],
            [
                0.0,
                0.0,
                1.0,
                0.0
            ],
            [
                0.0,
                0.0,
                0.0,
                1.0
            ]
        ],
        [
            [
                1.0,
                0.0,
                0.0,
                0.0
            ],
            [
                0.0,
                1.0,
                0.0,
                0.0
            ],
            [
                0.0,
                0.0,
                1.0,
                -0.056280170693291165
            ],
            [
                0.0,
                0.0,
                0.0,
                1.0
            ]
        ],
        [
            [
                1.0,
                0.0,
                0.0,
                0.0
            ],
            [
                0.0,
                1.0,
                0.0,
                0.0
            ],
            [
                0.0,
                0.0,
                1.0,
                0.0
            ],
            [
                0.0,
                0.0,
                0.0,
                1.0
            ]
        ],
        [
            [
                1.0,
                0.0,
                0.0,
                0.0
            ],
            [
                0.0,
                1.0,
                0.0,
                0.0
            ],
            [
                0.0,
                0.0,
                1.0,
                0.0
            ],
            [
                0.0,
                0.0,
                0.0,
                1.0
            ]
        ],
        [
            [
                1.0,
                0.0,
                0.0,
                0.0
            ],
            [
                0.0,
                1.0,
                0.0,
                0.0
            ],
            [
                0.0,
                0.0,
                1.0,
                0.0
            ],
            [
                0.0,
                0.0,
                0.0,
                1.0
            ]
        ],
        [
            [
                1.0,
                0.0,
                0.0,
                0.0
            ],
            [
                0.0,
                1.0,
                0.0,
                0.0
            ],
            [
                0.0,
                0.0,
                1.0,
                0.0
            ],
            [
                0.0,
                0.0,
                0.0,
                1.0
            ]
        ],
        [
            [
                1.0,
                0.0,
                0.0,
                0.0
            ],
            [
                0.0,
                1.0,
                0.0,
                0.0
            ],
            [
                0.0,
                0.0,
                1.0,
                0.0
            ],
            [
                0.0,
                0.0,
                0.0,
                1.0
            ]
        ],
        [
            [
                1.0,
                0.0,
                0.0,
                0.0
            ],
            [
                0.0,
                1.0,
                0.0,
                0.0
            ],
            [
                0.0,
                0.0,
                1.0,
                0.0
            ],
            [
                0.0,
                0.0,
                0.0,
                1.0
            ]
        ],
        [
            [
                1.0,
                0.0,
                0.0,
                0.0
            ],
            [
                0.0,
                1.0,
                0.0,
                0.0
            ],
            [
                0.0,
                0.0,
                1.0,
                0.0
            ],
            [
                0.0,
                0.0,
                0.0,
                1.0
            ]
        ],
        [
            [
                1.0,
                0.0,
                0.0,
                0.0
            ],
            [
                0.0,
                1.0,
                0.0,
                0.0
            ],
            [
                0.0,
                0.0,
                1.0,
                0.0
            ],
            [
                0.0,
                0.0,
                0.0,
                1.0
            ]
        ],
        [
            [
                1.0,
                0.0,
                0.0,
                0.0
            ],
            [
                0.0,
                1.0,
                0.0,
                0.0
            ],
            [
                0.0,
                0.0,
                1.0,
                0.0
            ],
            [
                0.0,
                0.0,
                0.0,
                1.0
            ]
        ],
        [
            [
                1.0,
                0.0,
                0.0,
                0.0
            ],
            [
                0.0,
                1.0,
                0.0,
                0.0
            ],
            [
                0.0,
                0.0,
                1.0,
                0.0
            ],
            [
                0.0,
                0.0,
                0.0,
                1.0
            ]
        ],
        [
            [
                1.0,
                0.0,
                0.0,
                0.0
            ],
            [
                0.0,
                1.0,
                0.0,
                0.0
            ],
            [
                0.0,
                0.0,
                1.0,
                0.0
            ],
            [
                0.0,
                0.0,
                0.0,
                1.0
            ]
        ],
        [
            [
                1.0,
                0.0,
                0.0,
                0.0
            ],
            [
                0.0,
                1.0,
                0.0,
                0.0
            ],
            [
                0.0,
                0.0,
                1.0,
                0.0
            ],
            [
                0.0,
                0.0,
                0.0,
                1.0
            ]
        ],
        [
            [
                1.0,
                0.0,
                0.0,
                0.0
            ],
            [
                0.0,
                1.0,
                0.0,
                0.0
            ],
            [
                0.0,
                0.0,
                1.0,
                0.0
            ],
            [
                0.0,
                0.0,
                0.0,
                1.0
            ]
        ],
        [
            [
                1.0,
                0.0,
                0.0,
                0.0
            ],
            [
                0.0,
                1.0,
                0.0,
                0.0
            ],
            [
                0.0,
                0.0,
                1.0,
                0.0
            ],
            [
                0.0,
                0.0,
                0.0,
                1.0
            ]
        ],
        [
            [
                1.0,
                0.0,
                0.0,
                0.0
            ],
            [
                0.0,
                1.0,
                0.0,
                0.0
            ],
            [
                0.0,
                0.0,
                1.0,
                0.0
            ],
            [
                0.0,
                0.0,
                0.0,
                1.0
            ]
        ],
        [
            [
                1.0,
                0.0,
                0.0,
                0.0
            ],
            [
                0.0,
                1.0,
                0.0,
                0.0
            ],
            [
                0.0,
                0.0,
                1.0,
                0.0
            ],
            [
                0.0,
                0.0,
                0.0,
                1.0
            ]
        ],
        [
            [
                1.0,
                0.0,
                0.0,
                0.0
            ],
            [
                0.0,
                1.0,
                0.0,
                0.0
            ],
            [
                0.0,
                0.0,
                1.0,
                0.0
            ],
            [
                0.0,
                0.0,
                0.0,
                1.0
            ]
        ],
        [
            [
                1.0,
                0.0,
                0.0,
                0.0
            ],
            [
                0.0,
                1.0,
                0.0,
                0.0
            ],
            [
                0.0,
                0.0,
                1.0,
                0.0
            ],
            [
                0.0,
                0.0,
                0.0,
                1.0
            ]
        ],
        [
            [
                1.0,
                0.0,
                0.0,
                0.0
            ],
            [
                0.0,
                1.0,
                0.0,
                0.0
            ],
            [
                0.0,
                0.0,
                1.0,
                0.0
            ],
            [
                0.0,
                0.0,
                0.0,
                1.0
            ]
        ],
        [
            [
                1.0,
                0.0,
                0.0,
                0.0
            ],
            [
                0.0,
                1.0,
                0.0,
                0.0
            ],
            [
                0.0,
                0.0,
                1.0,
                0.0
            ],
            [
                0.0,
                0.0,
                0.0,
                1.0
            ]
        ],
        [
            [
                1.0,
                0.0,
                0.0,
                0.0
            ],
            [
                0.0,
                1.0,
                0.0,
                0.0
            ],
            [
                0.0,
                0.0,
                1.0,
                0.0
            ],
            [
                0.0,
                0.0,
                0.0,
                1.0
            ]
        ],
        [
            [
                1.0,
                0.0,
                0.0,
                0.0
            ],
            [
                0.0,
                1.0,
                0.0,
                0.0
            ],
            [
                0.0,
                0.0,
                1.0,
                0.0
            ],
            [
                0.0,
                0.0,
                0.0,
                1.0
            ]
        ],
        [
            [
                1.0,
                0.0,
                0.0,
                0.0
            ],
            [
                0.0,
                1.0,
                0.0,
                0.0
            ],
            [
                0.0,
                0.0,
                1.0,
                0.0
            ],
            [
                0.0,
                0.0,
                0.0,
                1.0
            ]
        ],
        [
            [
                1.0,
                0.0,
                0.0,
                0.0
            ],
            [
                0.0,
                1.0,
                0.0,
                0.0
            ],
            [
                0.0,
                0.0,
                1.0,
                0.0
            ],
            [
                0.0,
                0.0,
                0.0,
                1.0
            ]
        ],
        [
            [
                1.0,
                0.0,
                0.0,
                0.0
            ],
            [
                0.0,
                1.0,
                0.0,
                0.0
            ],
            [
                0.0,
                0.0,
                1.0,
                0.0
            ],
            [
                0.0,
                0.0,
                0.0,
                1.0
            ]
        ],
        [
            [
                1.0,
                0.0,
                0.0,
                0.0
            ],
            [
                0.0,
                1.0,
                0.0,
                0.0
            ],
            [
                0.0,
                0.0,
                1.0,
                0.0
            ],
            [
                0.0,
                0.0,
                0.0,
                1.0
            ]
        ],
        [
            [
                1.0,
                0.0,
                0.0,
                0.0
            ],
            [
                0.0,
                1.0,
                0.0,
                0.0
            ],
            [
                0.0,
                0.0,
                1.0,
                0.0
            ],
            [
                0.0,
                0.0,
                0.0,
                1.0
            ]
        ],
        [
            [
                1.0,
                0.0,
                0.0,
                0.0
            ],
            [
                0.0,
                1.0,
                0.0,
                0.0
            ],
            [
                0.0,
                0.0,
                1.0,
                0.0
            ],
            [
                0.0,
                0.0,
                0.0,
                1.0
            ]
        ],
        [
            [
                0.740657640647586,
                0.6558471796043088,
                -0.145913455018459,
                -0.7479518008295112
            ],
            [
                -0.6584018422389675,
                0.7517598467281308,
                0.036934360474107954,
                -0.8103155503630657
            ],
            [
                0.13391517272768155,
                0.06871397130402551,
                0.9886076656899568,
                0.3098121003695048
            ],
            [
                0.0,
                0.0,
                0.0,
                1.0
            ]
        ],
        [
            [
                0.6144431918454107,
                0.6880339529270197,
                0.3860943454836441,
                -1.2653955240889156
            ],
            [
                -0.6654209945085318,
                0.18901490364714757,
                0.7221414447783316,
                1.3915641965856405
            ],
            [
                0.42388024731296503,
                -0.7006301776393016,
                0.5739711579156399,
                0.5937457093886029
            ],
            [
                0.0,
                0.0,
                0.0,
                1.0
            ]
        ],
        [
            [
                0.9764500475368102,
                -0.09323793963679969,
                -0.19455588214609273,
                -0.6904757894768183
            ],
            [
                -0.02167784487328893,
                0.8548265663130443,
                -0.5184608110234548,
                -1.240039135781353
            ],
            [
                0.21465175449320098,
                0.5104686358021753,
                0.8326742437203491,
                -0.5160782242800545
            ],
            [
                0.0,
                0.0,
                0.0,
                1.0
            ]
        ],
        [
            [
                0.9924071790836034,
                -0.005659005738337959,
                -0.12286564433306163,
                -0.41272517968820616
            ],
            [
                -0.01155646349208071,
                0.9902316655182453,
                -0.13895213836612105,
                -0.4214911449394357
            ],
            [
                0.1224517825712684,
                0.13931699199672287,
                0.9826476157230045,
                -0.1162447888304118
            ],
            [
                0.0,
                0.0,
                0.0,
                1.0
            ]
        ],
        [
            [
                0.9585442350620551,
                0.26527451023165793,
                -0.1040306861010348,
                -0.38246899612348456
            ],
            [
                -0.25310435507231704,
                0.960364935845589,
                0.11677917383557877,
                0.1342711179915717
            ],
            [
                0.13088596132788366,
                -0.08560738414207057,
                0.9876944066398411,
                0.4240289536857117
            ],
            [
                0.0,
                0.0,
                0.0,
                1.0
            ]
        ],
        [
            [
                0.9563915219791943,
                0.26527464468135337,
                -0.12224818843444202,
                -0.4012829470550923
            ],
            [
                -0.2814096909061742,
                0.9489741783570943,
                -0.14232566414940487,
                -0.7026727970132305
            ],
            [
                0.07825498418894686,
                0.17052088347372504,
                0.9822417145229213,
                0.2973262187004375
            ],
            [
                0.0,
                0.0,
                0.0,
                1.0
            ]
        ],
        [
            [
                0.9573429942258017,
                0.2773767101423788,
                -0.08097253903248261,
                -0.27460522844052615
            ],
            [
                -0.28758467789198244,
                0.9418795823570923,
                -0.17366031607881155,
                -0.8050600824322687
            ],
            [
                0.028097054090081775,
                0.18953894852884104,
                0.981471111414921,
                0.11565045298088598
            ],
            [
                0.0,
                0.0,
                0.0,
                1.0
            ]
        ],
        [
            [
                0.9685023631366919,
                0.23322324039101786,
                -0.08723584550032625,
                -0.3257152352905036
            ],
            [
                -0.2467116663420383,
                0.9462013444542058,
                -0.20937136729693714,
                -0.9334272127953013
            ],
            [
                0.03371240557091852,
                0.2242987648083861,
                0.9739371323735712,
                0.2531100416021318
            ],
            [
                0.0,
                0.0,
                0.0,
                1.0
            ]
        ],
        [
            [
                0.9894970571123147,
                0.11047616582619954,
                -0.09322333801365834,
                -0.3169977415038247
            ],
            [
                -0.12147860149873675,
                0.985063419025855,
                -0.12203692013076518,
                -0.6713861067745788
            ],
            [
                0.07834872905145215,
                0.1320798140573863,
                0.9881378443185893,
                0.38937143308010624
            ],
            [
                0.0,
                0.0,
                0.0,
                1.0
            ]
        ],
        [
            [
                0.9743329616284533,
                0.2018447301893011,
                -0.0996693773389559,
                -0.30992281395353494
            ],
            [
                -0.19579852977076267,
                0.9783378476891383,
                0.0672160064165778,
                -0.15664296437795808
            ],
            [
                0.11107752078586706,
                -0.045975653054566364,
                0.9927477140252065,
                -0.023664970394622266
            ],
            [
                0.0,
                0.0,
                0.0,
                1.0
            ]
        ],
        [
            [
                0.9512984886177939,
                0.29964534105375956,
                -0.07241446774144357,
                -0.2541185504200407
            ],
            [
                -0.30734833362601255,
                0.9037473889270975,
                -0.2979558001193583,
                -0.7141698998838145
            ],
            [
                -0.023836681203835537,
                0.3057013683191978,
                0.9518290214302957,
                -0.1657436117185418
            ],
            [
                0.0,
                0.0,
                0.0,
                1.0
            ]
        ],
        [
            [
                0.8625495576740407,
                -0.432791140580853,
                -0.26210701858408925,
                -0.1965786218347273
            ],
            [
                0.4507116077562506,
                0.892620970834247,
                0.009319284344853178,
                0.03944218314737262
            ],
            [
                0.229928917689994,
                -0.12617302033972386,
                0.9649938143575109,
                -0.13375368947381705
            ],
            [
                0.0,
                0.0,
                0.0,
                1.0
            ]
        ],
        [
            [
                0.9933316151497826,
                -0.07433520493599391,
                -0.08812820008968611,
                -0.007590888158736753
            ],
            [
                0.07468179638857149,
                0.9972072115692615,
                0.000637559750883166,
                -0.08377288604029336
            ],
            [
                0.08783468353731268,
                -0.007214880552288438,
                0.9961089367466378,
                0.09979745677553203
            ],
            [
                0.0,
                0.0,
                0.0,
                1.0
            ]
        ],
        [
            [
                0.9666596656310883,
                -0.21791300083266193,
                -0.13447310106521768,
                -0.09087496853908358
            ],
            [
                0.23907764592376343,
                0.9561497023959624,
                0.16917336027774518,
                0.10210363419966421
            ],
            [
                0.09171134096470149,
                -0.19568257632251335,
                0.9763694788666023,
                0.049893810610267604
            ],
            [
                0.0,
                0.0,
                0.0,
                1.0
            ]
        ],
        [
            [
                0.9920831069264977,
                -0.0027489802714288727,
                -0.1255529850642137,
                -0.2439983065277918
            ],
            [
                -0.0011496852357795971,
                0.9995196860556275,
                -0.030968942686490586,
                -0.07596792540415472
            ],
            [
                0.12557781322720185,
                0.03086811129187858,
                0.9916034351142327,
                0.015789403439497193
            ],
            [
                0.0,
                0.0,
                0.0,
                1.0
            ]
        ],
        [
            [
                0.9828159092699721,
                -0.050324420929306425,
                0.1775960054279606,
                0.6411062303591378
            ],
            [
                0.1270370197020799,
                0.8824261538526329,
                -0.4529742582333599,
                -1.418334304073635
            ],
            [
                -0.13391969276791055,
                0.4677515747220734,
                0.8736555272153718,
                -1.0320005236212908
            ],
            [
                0.0,
                0.0,
                0.0,
                1.0
            ]
        ],
        [
            [
                0.9743343460670195,
                0.12261877013127236,
                0.18877822778500608,
                0.5426185806925308
            ],
            [
                -0.09179080398888632,
                0.9821491616410869,
                -0.16418730946935248,
                -0.7849429736534813
            ],
            [
                -0.20554082411342853,
                0.1426452295003421,
                0.9681969366423175,
                -0.19306747319981424
            ],
            [
                0.0,
                0.0,
                0.0,
                1.0
            ]
        ],
        [
            [
                0.9655664306461387,
                -0.2517847990220209,
                0.06546665556383613,
                0.4677160548617873
            ],
            [
                0.23712186138226188,
                0.9552768900033629,
                0.17668980242253565,
                0.3570803830796154
            ],
            [
                -0.10702658951814144,
                -0.15508216663093158,
                0.9820869771711519,
                0.6009156288420083
            ],
            [
                0.0,
                0.0,
                0.0,
                1.0
            ]
        ],
        [
            [
                0.1051355598979253,
                -0.02358801474490474,
                -0.9941781126163177,
                -0.5191594867739878
            ],
            [
                -0.12327350608408372,
                -0.9923171037548021,
                0.010507535078163988,
                45.76270493531264
            ],
            [
                -0.986787797220196,
                0.12145110603068075,
                -0.10723559157871596,
                3.53122079073155
            ],
            [
                0.0,
                0.0,
                0.0,
                1.0
            ]
        ],
        [
            [
                0.010966682545558673,
                0.8648845076834157,
                0.5018510936952918,
                29.104312988845944
            ],
            [
                0.747915901909561,
                -0.34021485965889253,
                0.5699786425280234,
                0.8199778126845472
            ],
            [
                0.6637028970441166,
                0.36909163853506055,
                -0.6505919049748093,
                -2.9776886407579477
            ],
            [
                0.0,
                0.0,
                0.0,
                1.0
            ]
        ],
        [
            [
                0.9958738228220412,
                -0.017270777687799402,
                -0.0890901187330686,
                -0.15151604352393555
            ],
            [
                0.01508581592046414,
                0.9995700904839493,
                -0.025140651700447447,
                -0.0017290343379459117
            ],
            [
                0.089486016649684,
                0.02369291978562268,
                0.9957062309618256,
                -0.46007300204918034
            ],
            [
                0.0,
                0.0,
                0.0,
                1.0
            ]
        ],
        [
            [
                0.7464054022118194,
                0.24129384951836388,
                -0.6202066218072982,
                -2.332134692162992
            ],
            [
                -0.13300590380214067,
                0.9672385693738298,
                0.21623824700880487,
                0.39249065869640704
            ],
            [
                0.6520647246269247,
                -0.07891025345463352,
                0.7540455999453468,
                0.33613740772669404
            ],
            [
                0.0,
                0.0,
                0.0,
                1.0
            ]
        ],
        [
            [
                0.11656639770629554,
                -0.6218543760192308,
                -0.7744090714548163,
                -20.724005411571095
            ],
            [
                -0.07925353167162856,
                0.7714140504988213,
                -0.6313788406421109,
                -3.3538843398336238
            ],
            [
                0.9900157335332362,
                0.1349722109129689,
                0.04063680152168903,
                9.246539108908092
            ],
            [
                0.0,
                0.0,
                0.0,
                1.0
            ]
        ],
        [
            [
                0.931812437495708,
                -0.3616653669380852,
                0.030393151956453823,
                0.18007345228457278
            ],
            [
                0.36109446366987474,
                0.9322520727219232,
                0.022734581866463932,
                0.23858495532768312
            ],
            [
                -0.03655638980087506,
                -0.01020956723948278,
                0.9992794379459176,
                0.07974397311600429
            ],
            [
                0.0,
                0.0,
                0.0,
                1.0
            ]
        ],
        [
            [
                -0.9731539856699851,
                0.22072983998010365,
                -0.0651894003422212,
                11.496972772324135
            ],
            [
                -0.03670530036459291,
                0.13077236039187717,
                0.9907327140468725,
                9.143104818631503
            ],
            [
                0.22720924518990326,
                0.9665282859285054,
                -0.11915968865492901,
                -4.881923000388062
            ],
            [
                0.0,
                0.0,
                0.0,
                1.0
            ]
        ],
        [
            [
                0.47761446434301197,
                -0.8785257756120668,
                0.008768411233171599,
                0.3111404913684025
            ],
            [
                0.8785315511048063,
                0.4776628311613591,
                0.004531383927361658,
                1.0753015144946951
            ],
            [
                -0.008169281713805328,
                0.005539071414203387,
                0.9999512895757213,
                0.23335479825638852
            ],
            [
                0.0,
                0.0,
                0.0,
                1.0
            ]
        ],
        [
            [
                0.9637114133338601,
                -0.038877856450692874,
                0.2641000266714344,
                0.6175712669274053
            ],
            [
                0.18875320177063012,
                0.7988329457987978,
                -0.5711726127255674,
                -1.3882714641211775
            ],
            [
                -0.18876583544537137,
                0.6002952914892918,
                0.7771827470964581,
                -0.8602309323595827
            ],
            [
                0.0,
                0.0,
                0.0,
                1.0
            ]
        ],
        [
            [
                0.915749937442384,
                -0.06905817527051625,
                -0.3957688978464278,
                -0.9631781260906163
            ],
            [
                0.038457448078052896,
                0.995659890875897,
                -0.08474907898213706,
                -0.17549315968449325
            ],
            [
                0.3999038343922111,
                0.062388701936354464,
                0.9144312839733248,
                0.006249436867998993
            ],
            [
                0.0,
                0.0,
                0.0,
                1.0
            ]
        ],
        [
            [
                0.6342632075264765,
                0.09817520577749592,
                -0.7668584044977091,
                -1.0491658851006411
            ],
            [
                0.5467469312667607,
                0.644332277148311,
                0.5346996444502766,
                3.5780029296875
            ],
            [
                0.5466058696433893,
                -0.7584177909275457,
                0.35499926433159756,
                1.0916518432254103
            ],
            [
                0.0,
                0.0,
                0.0,
                1.0
            ]
        ],
        [
            [
                0.9643434909511217,
                0.26327147985030463,
                -0.027014058518387674,
                -0.07506505882232506
            ],
            [
                -0.2646383001925559,
                0.9603549920814616,
                -0.08766332902309293,
                -0.6405891650826863
            ],
            [
                0.0028638315940005122,
                0.09168651526613458,
                0.9957838025329367,
                0.2880268398753623
            ],
            [
                0.0,
                0.0,
                0.0,
                1.0
            ]
        ],
        [
            [
                0.8778005834777894,
                -0.46500290279181017,
                -0.11505840274070817,
                -0.23424841967950175
            ],
            [
                0.42042144808386633,
                0.8629765889962409,
                -0.28020923046087926,
                0.41484872750553087
            ],
            [
                0.22959081348590016,
                0.19759480569995694,
                0.9530185471035066,
                0.010307230858702464
            ],
            [
                0.0,
                0.0,
                0.0,
                1.0
            ]
        ],
        [
            [
                0.7247444918693202,
                0.12906410670182455,
                -0.6768218952326672,
                -1.1657994548304105
            ],
            [
                -0.6277281791371454,
                0.528683086974611,
                -0.5713593673548736,
                -2.0515717654515235
            ],
            [
                0.2840823025502373,
                0.8389497302629375,
                0.4641773319212167,
                -0.6368334872891026
            ],
            [
                0.0,
                0.0,
                0.0,
                1.0
            ]
        ],
        [
            [
                0.9247905459612962,
                -0.3641776729507024,
                0.11016836490036205,
                0.4549972833055125
            ],
            [
                0.3668357534264609,
                0.9302763396996832,
                -0.00417873222379676,
                -0.16063422111738096
            ],
            [
                -0.10096522227306168,
                0.044278147196656695,
                0.9939041551237137,
                0.1996314974684735
            ],
            [
                0.0,
                0.0,
                0.0,
                1.0
            ]
        ],
        [
            [
                0.999518199797515,
                -0.030794841992574564,
                0.0038789148208533317,
                0.0718715376013499
            ],
            [
                0.030799347891700635,
                0.9995249742064806,
                -0.0011072971507843931,
                -0.20237850773286392
            ],
            [
                -0.0038429731954653305,
                0.0012262317018026693,
                0.9999918639233184,
                0.1401988288278022
            ],
            [
                0.0,
                0.0,
                0.0,
                1.0
            ]
        ],
        [
            [
                0.4666104916137457,
                0.8804627813541969,
                0.08402344771556358,
                3.399930529039863
            ],
            [
                -0.3113460518482394,
                0.2524308212918732,
                -0.9161562729471556,
                -2.2787101233477736
            ],
            [
                -0.8278516081487621,
                0.40132776020597133,
                0.3919154803954116,
                0.284879943567479
            ],
            [
                0.0,
                0.0,
                0.0,
                1.0
            ]
        ],
        [
            [
                0.7818397415953191,
                -0.13809197286563382,
                -0.6079944288332276,
                -1.918967561107019
            ],
            [
                0.24909535965128732,
                0.9631386498690078,
                0.10156496900358909,
                0.7035752554456172
            ],
            [
                0.5715576263705714,
                -0.23085612003709458,
                0.7874181427799704,
                -0.18099760440242843
            ],
            [
                0.0,
                0.0,
                0.0,
                1.0
            ]
        ],
        [
            [
                1.0,
                0.0,
                0.0,
                0.0
            ],
            [
                0.0,
                1.0,
                0.0,
                0.0
            ],
            [
                0.0,
                0.0,
                1.0,
                0.0
            ],
            [
                0.0,
                0.0,
                0.0,
                1.0
            ]
        ],
        [
            [
                0.8950762331267466,
                0.44170746070114697,
                0.06109874018814536,
                0.011950948882976768
            ],
            [
                -0.41559058491746004,
                0.8760063192557531,
                -0.24473944175786427,
                -0.6931986432915171
            ],
            [
                -0.16162611985566322,
                0.19366839645366074,
                0.9676618983898614,
                -0.3478148787999006
            ],
            [
                0.0,
                0.0,
                0.0,
                1.0
            ]
        ],
        [
            [
                0.8790311999311329,
                0.42361428321041206,
                -0.21875805952641378,
                -1.008575557205086
            ],
            [
                -0.1554263183746507,
                0.6883919319172871,
                0.7084907957254537,
                1.9031532753514528
            ],
            [
                0.45071810381227734,
                -0.5887847544997356,
                0.6709587943864743,
                -0.0806977076282252
            ],
            [
                0.0,
                0.0,
                0.0,
                1.0
            ]
        ],
        [
            [
                1.0,
                0.0,
                0.0,
                0.0
            ],
            [
                0.0,
                1.0,
                0.0,
                0.0
            ],
            [
                0.0,
                0.0,
                1.0,
                0.0
            ],
